353 180 0.0 2.00 3.0 3.0 0.01 0.02 0.0
0.000
0.000
1.023
1.011
1.006
1.018
1.018
1.013
1.017
0.988
1.005
1.006
1.002
1.021
0.992
1.024
0.991
1.009
1.017
0.994
1.010
1.023
1.013
1.009
1.031
1.007
0.990
1.013
1.045
1.021
1.019
1.028
0.993
1.002
1.041
1.010
1.039
0.996
1.012
1.010
0.994
1.014
1.016
1.037
1.026
0.998
1.030
0.996
1.034
1.010
1.036
0.992
1.008
1.036
1.029
1.005
1.038
1.015
0.984
1.010
1.018
1.036
0.992
1.026
1.030
0.998
1.028
1.063
1.005
1.035
0.998
0.996
0.998
1.003
1.039
0.994
1.024
1.025
1.034
0.997
0.987
0.989
1.028
0.983
1.024
1.009
1.018
1.000
1.051
1.060
1.019
1.036
0.996
0.996
1.014
0.988
1.006
1.002
0.980
1.032
1.055
1.041
1.043
0.986
0.991
1.010
0.978
1.087
0.976
1.016
0.986
1.032
1.010
0.992
1.004
0.995
1.015
1.000
1.013
1.042
1.000
1.056
1.061
0.988
0.971
0.986
0.990
1.033
1.016
1.019
1.006
0.978
1.041
1.002
1.033
1.017
1.033
1.006
0.997
1.005
1.016
0.958
1.041
0.988
0.930
1.018
0.992
1.044
1.002
0.972
1.020
1.019
1.044
1.052
0.997
1.053
1.097
0.997
0.986
1.094
1.113
1.028
0.943
1.039
1.049
1.034
1.000
1.027
1.032
1.022
0.977
1.052
0.966
1.016
1.042
1.005
1.027
1.086
0.962
1.042
0.972
0.996
1.048
0.957
0.963
1.041
0.960
1.001
1.053
1.010
1.044
1.066
1.020
0.967
1.006
0.909
0.996
0.999
0.956
1.008
1.002
0.985
0.945
1.018
0.981
1.025
1.022
1.053
0.988
1.061
1.030
0.970
0.958
0.990
0.979
0.993
1.033
1.055
0.998
1.016
1.007
0.960
1.008
1.010
1.071
1.012
0.974
1.053
1.040
0.998
1.081
0.996
0.972
0.983
1.034
1.068
0.968
0.976
1.061
1.055
0.992
0.973
0.995
0.985
1.097
0.967
0.936
1.013
1.082
0.998
0.954
1.062
1.045
0.943
1.095
0.975
1.044
1.124
1.060
1.056
1.042
1.020
0.998
0.983
1.021
1.146
0.992
0.987
0.944
1.017
1.042
1.033
1.039
1.004
0.923
1.050
1.007
1.015
0.938
1.029
0.960
0.935
0.941
0.952
1.015
1.030
0.935
1.033
0.981
0.988
1.056
1.080
0.955
1.032
0.985
1.048
0.970
0.975
1.080
1.020
1.050
1.085
1.001
0.980
1.050
0.930
0.967
1.043
1.112
1.012
1.001
0.936
0.988
1.076
1.021
0.903
0.976
1.012
1.044
1.066
1.029
0.977
1.037
1.046
1.038
1.127
0.949
1.159
1.082
1.166
0.967
1.014
0.952
1.012
0.998
0.968
0.956
1.040
1.002
1.024
1.063
0.882
1.045
1.069
0.964
0.935
0.947
0.886
1.016
1.021
0.973
1.045
0.989
