353 180 0.0 2.00 1.0 1.0 2.0 0.0 0.0
0.000
0.000
1.424
1.388
1.028
1.008
1.074
1.047
0.925
0.930
0.946
0.973
0.975
0.983
0.969
0.978
0.983
1.003
1.067
1.031
1.000
0.993
0.965
0.987
1.231
1.257
1.055
1.012
0.942
0.976
0.990
0.981
1.017
1.021
1.020
1.008
1.006
1.027
1.024
1.000
1.026
1.032
1.045
1.045
1.032
1.043
1.077
1.117
1.195
1.204
1.056
1.036
1.058
1.069
1.032
1.067
1.181
1.192
1.171
1.075
1.072
1.130
1.134
1.083
1.077
1.123
1.111
1.127
1.156
1.170
1.169
1.096
1.133
1.133
1.115
1.116
1.121
1.123
1.126
1.120
1.128
1.145
1.123
1.161
1.157
1.152
1.151
1.146
1.158
1.159
1.183
1.166
1.145
1.150
1.153
1.152
1.158
1.130
1.114
1.109
1.227
1.192
1.067
1.048
1.033
1.028
1.024
1.011
1.011
1.008
1.001
0.984
0.997
0.985
1.002
0.996
0.991
1.008
1.009
1.007
1.000
1.004
1.006
1.016
1.013
1.023
1.105
1.097
1.062
1.065
1.043
1.049
1.211
1.237
1.066
1.075
1.050
1.079
1.090
1.105
1.120
1.218
1.252
1.165
1.189
1.245
1.163
1.167
1.163
1.164
1.269
1.286
1.244
1.361
1.321
1.232
1.246
1.230
1.237
1.230
1.203
1.211
1.205
1.191
1.163
1.126
1.129
1.109
1.080
1.081
1.102
1.077
1.215
1.070
1.170
1.032
1.052
1.065
1.036
1.033
1.052
1.062
1.020
1.022
1.031
1.022
1.021
1.048
1.074
1.036
1.010
1.011
1.003
0.996
0.992
0.984
0.963
0.942
0.902
0.883
0.922
0.903
0.880
0.884
0.811
0.809
0.830
0.845
0.824
0.807
0.830
0.819
0.822
0.848
0.864
0.832
0.841
0.833
0.848
0.826
0.822
0.829
0.843
0.833
0.830
0.834
0.828
0.820
0.813
0.801
0.838
0.816
0.811
0.891
0.941
0.850
0.830
0.843
0.816
0.828
0.929
0.925
0.844
0.809
0.789
0.000
0.814
0.777
0.831
0.818
0.751
0.742
0.818
0.853
0.732
0.750
0.726
0.728
0.723
0.728
0.754
0.733
0.711
0.715
0.706
0.714
0.714
0.718
0.000
0.000
0.706
0.710
0.720
0.708
0.681
0.691
0.724
0.726
0.703
0.701
0.699
0.684
0.694
0.706
0.705
0.673
0.887
0.838
0.676
0.690
0.676
0.677
1.168
1.194
0.657
0.649
0.693
0.790
0.789
0.741
0.986
0.954
0.693
0.702
0.710
0.707
0.655
0.672
0.668
0.680
0.669
0.656
0.652
0.739
0.778
0.748
0.715
0.663
0.657
0.660
0.676
0.686
0.000
0.636
0.641
0.644
0.675
0.650
0.652
0.875
1.043
0.691
0.816
0.824
0.758
0.689
0.982
0.665
0.741
0.893
0.613
0.681
0.748
0.663
0.663
0.000
1.195
0.655
1.029
0.789
0.713
0.000
0.577
0.000
0.000
1.157
1.126
0.823
0.806
0.847
0.825
0.732
0.731
0.737
0.758
0.758
0.757
0.745
0.750
0.752
0.762
0.811
0.780
0.749
0.736
0.723
0.738
0.908
0.960
0.796
0.732
0.750
0.776
0.717
0.703
0.726
0.726
0.724
0.715
0.708
0.722
0.717
0.702
0.717
0.718
0.727
0.721
0.714
0.713
0.738
0.757
0.815
0.818
0.719
0.704
0.717
0.723
0.709
0.731
0.824
0.824
0.793
0.733
0.724
0.764
0.769
0.736
0.733
0.761
0.747
0.756
0.777
0.803
0.807
0.746
0.773
0.771
0.761
0.755
0.765
0.764
0.763
0.760
0.769
0.775
0.766
0.789
0.783
0.788
0.795
0.787
0.794
0.795
0.820
0.815
0.810
0.822
0.828
0.842
0.844
0.845
0.845
0.850
0.963
0.971
0.871
0.866
0.874
0.886
0.894
0.901
0.908
0.929
0.928
0.931
0.935
0.928
0.950
0.965
0.959
1.001
0.986
0.990
1.000
1.019
1.034
1.036
1.046
1.054
1.142
1.158
1.108
1.119
1.105
1.113
1.274
1.308
1.115
1.117
1.081
1.102
1.102
1.111
1.119
1.217
1.238
1.116
1.129
1.177
1.023
1.009
0.960
0.911
0.955
0.906
0.816
0.842
0.795
0.716
0.706
0.691
0.691
0.700
0.687
0.688
0.695
0.697
0.707
0.708
0.702
0.698
0.690
0.709
0.729
0.722
0.811
0.707
0.803
0.713
0.726
0.744
0.727
0.734
0.758
0.760
0.750
0.745
0.757
0.755
0.754
0.788
0.813
0.797
0.790
0.787
0.793
0.791
0.798
0.811
0.804
0.821
0.811
0.825
0.906
0.909
0.906
0.912
0.848
0.853
0.856
0.855
0.781
0.736
0.714
0.659
0.674
0.668
0.677
0.625
0.634
0.630
0.642
0.624
0.611
0.625
0.620
0.633
0.638
0.633
0.636
0.637
0.636
0.635
0.667
0.661
0.647
0.721
0.747
0.688
0.686
0.692
0.664
0.662
0.744
0.741
0.664
0.651
0.622
0.000
0.671
0.608
0.657
0.645
0.584
0.569
0.639
0.649
0.573
0.585
0.581
0.564
0.574
0.578
0.602
0.597
0.581
0.587
0.593
0.595
0.596
0.609
0.000
0.000
0.567
0.562
0.558
0.555
0.531
0.549
0.571
0.564
0.559
0.566
0.555
0.555
0.569
0.575
0.575
0.554
0.705
0.706
0.553
0.552
0.542
0.539
0.967
0.910
0.527
0.530
0.555
0.628
0.657
0.593
0.812
0.782
0.553
0.547
0.557
0.548
0.521
0.524
0.536
0.551
0.549
0.530
0.519
0.586
0.619
0.612
0.577
0.532
0.537
0.520
0.553
0.554
0.000
0.512
0.520
0.527
0.547
0.503
0.537
0.782
1.152
0.542
0.626
0.307
0.322
0.547
0.782
0.545
0.654
0.725
0.549
0.549
0.598
0.535
0.526
0.000
0.357
0.532
0.425
0.629
0.556
0.000
0.517
0.000
0.000
1.110
1.081
0.801
0.777
0.840
0.826
0.729
0.729
0.745
0.779
0.791
0.796
0.783
0.793
0.802
0.818
0.876
0.848
0.826
0.811
0.797
0.819
1.021
1.034
0.863
0.814
0.762
0.789
0.804
0.791
0.812
0.808
0.805
0.791
0.784
0.794
0.787
0.756
0.765
0.770
0.771
0.772
0.758
0.753
0.770
0.792
0.838
0.843
0.747
0.732
0.743
0.745
0.734
0.747
0.828
0.835
0.813
0.744
0.736
0.776
0.779
0.754
0.739
0.767
0.763
0.768
0.793
0.806
0.806
0.753
0.780
0.786
0.778
0.762
0.771
0.773
0.772
0.774
0.778
0.786
0.781
0.796
0.794
0.800
0.798
0.801
0.802
0.813
0.837
0.823
0.821
0.828
0.831
0.847
0.850
0.853
0.859
0.861
0.978
0.983
0.881
0.867
0.882
0.892
0.903
0.908
0.906
0.921
0.921
0.929
0.932
0.918
0.945
0.967
0.954
0.995
0.986
0.994
1.000
1.013
1.034
1.034
1.038
1.041
1.135
1.132
1.103
1.097
1.081
1.072
1.229
1.234
1.024
1.002
0.962
0.960
0.960
0.966
0.976
1.072
1.093
1.008
1.033
1.123
1.000
1.021
1.001
0.981
1.051
1.005
0.915
0.929
0.853
0.746
0.732
0.704
0.709
0.701
0.696
0.706
0.708
0.708
0.711
0.700
0.709
0.715
0.710
0.714
0.739
0.724
0.822
0.711
0.809
0.716
0.732
0.749
0.731
0.732
0.762
0.762
0.750
0.750
0.754
0.755
0.745
0.794
0.817
0.791
0.793
0.779
0.787
0.786
0.793
0.800
0.795
0.799
0.794
0.803
0.895
0.883
0.885
0.887
0.822
0.826
0.829
0.783
0.701
0.664
0.661
0.655
0.652
0.677
0.674
0.637
0.639
0.637
0.642
0.630
0.618
0.627
0.619
0.625
0.633
0.628
0.639
0.637
0.633
0.627
0.659
0.661
0.646
0.708
0.744
0.683
0.682
0.678
0.653
0.649
0.733
0.732
0.651
0.635
0.660
0.000
0.656
0.607
0.655
0.661
0.601
0.585
0.650
0.654
0.570
0.574
0.573
0.563
0.567
0.568
0.597
0.582
0.579
0.579
0.580
0.580
0.576
0.590
0.000
0.000
0.563
0.562
0.556
0.546
0.543
0.542
0.567
0.556
0.560
0.554
0.551
0.545
0.552
0.564
0.571
0.541
0.709
0.676
0.534
0.541
0.525
0.531
0.947
0.911
0.522
0.515
0.550
0.621
0.626
0.584
0.794
0.792
0.546
0.554
0.573
0.557
0.517
0.522
0.532
0.543
0.528
0.526
0.510
0.587
0.612
0.592
0.578
0.519
0.525
0.526
0.541
0.534
0.000
0.501
0.502
0.506
0.534
0.512
0.548
0.769
0.610
0.512
0.629
0.772
0.646
0.518
0.779
0.545
0.580
0.753
0.398
0.540
0.637
0.519
0.521
0.000
0.517
0.527
0.410
0.644
0.569
0.000
0.497
0.000
0.000
0.963
0.940
0.712
0.695
0.732
0.722
0.646
0.652
0.666
0.688
0.694
0.693
0.690
0.707
0.714
0.727
0.783
0.758
0.732
0.731
0.721
0.741
0.923
0.944
0.797
0.764
0.728
0.751
0.766
0.762
0.791
0.800
0.801
0.801
0.805
0.824
0.823
0.808
0.839
0.852
0.862
0.863
0.862
0.871
0.901
0.933
0.997
1.012
0.896
0.889
0.911
0.913
0.876
0.895
1.007
1.028
1.004
0.918
0.923
0.963
0.967
0.930
0.905
0.929
0.928
0.925
0.943
0.955
0.951
0.893
0.907
0.891
0.883
0.866
0.872
0.864
0.862
0.860
0.857
0.857
0.847
0.863
0.860
0.872
0.866
0.868
0.867
0.880
0.905
0.889
0.887
0.896
0.901
0.920
0.924
0.928
0.927
0.936
1.063
1.065
0.968
0.959
0.971
0.988
0.998
1.005
1.021
1.022
1.034
1.037
1.043
1.011
1.042
1.059
1.057
1.079
1.053
1.027
1.000
0.978
0.957
0.928
0.905
0.889
0.942
0.931
0.902
0.902
0.880
0.878
1.010
1.044
0.905
0.900
0.884
0.907
0.924
0.942
0.956
1.044
1.081
0.999
1.025
1.067
0.994
1.016
1.003
1.015
1.117
1.139
1.083
1.172
1.124
1.004
0.985
0.916
0.869
0.815
0.778
0.771
0.752
0.750
0.763
0.754
0.759
0.758
0.754
0.764
0.780
0.783
0.888
0.777
0.867
0.781
0.800
0.818
0.798
0.799
0.811
0.808
0.798
0.790
0.797
0.800
0.790
0.826
0.834
0.822
0.820
0.806
0.815
0.827
0.819
0.833
0.833
0.838
0.846
0.864
0.943
0.934
0.919
0.898
0.765
0.702
0.700
0.706
0.673
0.662
0.681
0.684
0.679
0.706
0.713
0.679
0.689
0.701
0.707
0.685
0.672
0.675
0.670
0.672
0.671
0.668
0.670
0.658
0.667
0.657
0.690
0.692
0.679
0.724
0.761
0.698
0.678
0.672
0.647
0.662
0.751
0.742
0.669
0.661
0.693
0.000
0.681
0.635
0.678
0.674
0.628
0.599
0.673
0.685
0.609
0.606
0.604
0.595
0.594
0.598
0.624
0.616
0.601
0.605
0.593
0.590
0.596
0.589
0.000
0.000
0.588
0.588
0.590
0.578
0.556
0.558
0.579
0.591
0.567
0.571
0.569
0.555
0.578
0.578
0.584
0.558
0.736
0.711
0.554
0.561
0.549
0.545
0.957
0.927
0.534
0.528
0.564
0.644
0.655
0.612
0.814
0.787
0.560
0.586
0.589
0.581
0.532
0.558
0.547
0.571
0.553
0.546
0.540
0.621
0.643
0.606
0.598
0.546
0.544
0.531
0.556
0.560
0.000
0.536
0.541
0.533
0.556
0.525
0.548
0.860
0.751
0.568
0.722
0.591
0.601
0.559
0.828
0.554
0.769
0.940
0.555
0.556
0.531
0.542
0.565
0.000
0.631
0.542
0.687
0.657
0.581
0.000
0.540
0.000
0.000
1.206
1.182
0.877
0.868
0.927
0.902
0.812
0.819
0.835
0.860
0.856
0.860
0.854
0.868
0.874
0.889
0.948
0.916
0.884
0.878
0.862
0.880
1.097
1.122
0.941
0.896
0.848
0.878
0.894
0.885
0.915
0.927
0.931
0.922
0.921
0.941
0.944
0.917
0.947
0.957
0.970
0.974
0.965
0.980
1.013
1.043
1.116
1.128
1.000
0.988
1.012
1.019
0.985
1.024
1.136
1.165
1.130
1.048
1.049
1.109
1.124
1.081
1.072
1.105
1.118
1.130
1.160
1.193
1.209
1.134
1.169
1.163
1.163
1.169
1.182
1.193
1.199
1.205
1.223
1.241
1.233
1.262
1.266
1.272
1.285
1.286
1.292
1.313
1.355
1.343
1.321
1.334
1.352
1.359
1.360
1.359
1.356
1.348
1.493
1.492
1.322
1.286
1.269
1.277
1.246
1.198
1.157
1.119
1.089
1.057
1.037
0.991
1.016
0.999
0.997
1.012
1.003
0.997
1.000
1.008
1.013
1.012
1.014
1.015
1.096
1.103
1.061
1.074
1.051
1.063
1.222
1.242
1.081
1.081
1.062
1.098
1.111
1.141
1.152
1.249
1.291
1.197
1.232
1.298
1.192
1.220
1.218
1.211
1.342
1.352
1.309
1.434
1.402
1.298
1.316
1.296
1.311
1.273
1.227
1.174
1.121
1.062
0.985
1.024
0.961
0.948
0.933
0.934
0.965
0.944
1.070
0.935
1.051
0.940
0.952
0.974
0.971
0.973
0.986
0.997
0.988
0.988
1.001
0.998
0.999
1.033
1.059
1.054
1.054
1.042
1.041
1.050
1.054
1.068
1.069
1.076
1.063
1.075
1.138
1.037
0.937
0.906
0.829
0.822
0.830
0.863
0.822
0.823
0.849
0.841
0.824
0.871
0.872
0.837
0.851
0.858
0.873
0.856
0.860
0.860
0.873
0.871
0.864
0.843
0.851
0.836
0.812
0.795
0.838
0.820
0.813
0.882
0.922
0.854
0.829
0.825
0.818
0.819
0.908
0.942
0.853
0.838
0.788
0.000
0.854
0.769
0.839
0.815
0.756
0.746
0.842
0.853
0.745
0.763
0.748
0.738
0.749
0.748
0.775
0.756
0.732
0.723
0.711
0.704
0.731
0.721
0.000
0.000
0.727
0.719
0.728
0.709
0.700
0.696
0.722
0.717
0.720
0.716
0.708
0.694
0.704
0.719
0.742
0.684
0.885
0.873
0.676
0.685
0.682
0.680
1.207
1.179
0.661
0.670
0.688
0.810
0.789
0.755
1.050
1.003
0.730
0.703
0.713
0.710
0.667
0.678
0.681
0.696
0.679
0.654
0.663
0.773
0.785
0.745
0.715
0.669
0.676
0.671
0.701
0.690
0.000
0.653
0.655
0.658
0.683
0.654
0.672
0.970
0.922
0.630
0.883
0.763
0.492
0.669
1.049
0.683
0.755
1.070
0.851
0.678
0.697
0.663
0.667
0.000
0.774
0.679
0.948
0.806
0.693
0.000
0.616
0.000
0.000
1.181
1.154
0.865
0.844
0.905
0.894
0.795
0.805
0.821
0.848
0.843
0.847
0.852
0.866
0.879
0.893
0.959
0.925
0.893
0.888
0.875
0.904
1.122
1.145
0.961
0.912
0.859
0.894
0.922
0.914
0.941
0.955
0.955
0.947
0.945
0.967
0.969
0.937
0.967
0.984
0.994
0.990
0.985
0.995
1.023
1.059
1.135
1.140
1.017
1.004
1.030
1.035
0.996
1.020
1.162
1.167
1.156
1.074
1.065
1.120
1.142
1.108
1.090
1.140
1.147
1.172
1.204
1.231
1.243
1.178
1.217
1.213
1.218
1.218
1.249
1.253
1.266
1.279
1.284
1.305
1.286
1.327
1.317
1.315
1.309
1.277
1.280
1.242
1.240
1.188
1.138
1.102
1.082
1.072
1.048
1.027
1.011
1.008
1.137
1.135
0.999
0.986
0.985
1.009
1.010
1.007
1.014
1.018
1.022
1.019
1.022
1.003
1.025
1.024
1.008
1.029
1.012
1.004
1.000
1.006
1.006
1.004
0.990
0.998
1.059
1.073
1.034
1.035
1.018
1.022
1.165
1.207
1.031
1.052
1.013
1.044
1.064
1.078
1.095
1.188
1.223
1.122
1.151
1.186
1.112
1.122
1.119
1.106
1.227
1.253
1.198
1.305
1.276
1.172
1.201
1.194
1.224
1.231
1.220
1.237
1.233
1.209
1.123
1.139
1.068
0.993
0.946
0.935
0.945
0.927
1.051
0.918
1.024
0.918
0.939
0.958
0.944
0.949
0.976
0.979
0.966
0.964
0.975
0.975
0.967
1.017
1.055
1.025
1.025
1.026
1.037
1.032
1.039
1.038
1.018
0.948
0.862
0.830
0.884
0.866
0.853
0.857
0.799
0.801
0.806
0.827
0.797
0.800
0.823
0.808
0.812
0.837
0.843
0.807
0.815
0.826
0.831
0.812
0.805
0.819
0.798
0.808
0.801
0.813
0.802
0.805
0.794
0.774
0.807
0.788
0.780
0.854
0.897
0.811
0.806
0.808
0.779
0.782
0.862
0.890
0.797
0.786
0.750
0.000
0.789
0.737
0.789
0.789
0.726
0.730
0.812
0.806
0.717
0.729
0.729
0.706
0.706
0.714
0.737
0.700
0.689
0.687
0.695
0.693
0.690
0.702
0.000
0.000
0.681
0.679
0.689
0.683
0.662
0.672
0.687
0.673
0.683
0.659
0.681
0.673
0.683
0.684
0.681
0.661
0.844
0.827
0.654
0.669
0.658
0.661
1.091
1.140
0.638
0.646
0.661
0.773
0.760
0.719
0.955
0.912
0.660
0.667
0.690
0.688
0.648
0.633
0.656
0.663
0.652
0.640
0.625
0.739
0.757
0.719
0.691
0.640
0.641
0.626
0.657
0.670
0.000
0.623
0.612
0.621
0.656
0.644
0.645
0.882
0.512
0.650
0.832
0.882
0.654
0.653
0.970
0.648
0.757
1.085
0.472
0.657
0.659
0.642
0.651
0.000
1.023
0.646
0.633
0.770
0.686
0.000
0.608
0.000
0.000
1.140
1.125
0.827
0.818
0.875
0.859
0.773
0.783
0.798
0.826
0.824
0.825
0.834
0.852
0.860
0.875
0.943
0.912
0.877
0.878
0.863
0.895
1.109
1.133
0.960
0.918
0.867
0.904
0.932
0.928
0.968
0.980
0.986
0.985
0.989
1.017
1.025
1.002
1.041
1.060
1.078
1.086
1.095
1.108
1.148
1.193
1.290
1.309
1.172
1.170
1.199
1.215
1.163
1.193
1.349
1.380
1.378
1.270
1.278
1.336
1.335
1.279
1.250
1.291
1.283
1.268
1.282
1.288
1.269
1.146
1.158
1.120
1.076
1.030
1.008
0.987
0.968
0.945
0.927
0.924
0.907
0.914
0.902
0.898
0.899
0.883
0.893
0.897
0.928
0.912
0.894
0.896
0.905
0.913
0.920
0.918
0.918
0.922
1.043
1.054
0.934
0.923
0.936
0.943
0.956
0.951
0.954
0.960
0.966
0.966
0.968
0.965
0.946
0.987
0.982
1.009
1.000
0.998
1.000
1.007
1.012
1.006
1.011
1.013
1.092
1.082
1.032
1.044
1.013
1.012
1.165
1.183
1.017
1.014
0.978
1.009
1.011
1.019
1.030
1.117
1.146
1.060
1.068
1.135
1.040
1.046
1.050
1.047
1.160
1.170
1.117
1.222
1.191
1.107
1.125
1.121
1.144
1.160
1.153
1.179
1.197
1.201
1.196
1.147
1.178
1.152
1.080
1.037
1.022
0.967
1.037
0.932
1.023
0.917
0.935
0.951
0.940
0.952
0.960
0.969
0.962
0.966
0.978
0.981
0.978
1.020
1.052
1.034
0.990
0.976
0.949
0.888
0.824
0.786
0.764
0.756
0.766
0.771
0.838
0.841
0.833
0.847
0.764
0.786
0.798
0.812
0.792
0.779
0.806
0.779
0.775
0.807
0.811
0.761
0.767
0.765
0.774
0.760
0.757
0.762
0.757
0.781
0.764
0.788
0.779
0.770
0.789
0.761
0.795
0.782
0.764
0.821
0.845
0.791
0.777
0.771
0.754
0.753
0.849
0.844
0.777
0.748
0.757
0.000
0.741
0.711
0.780
0.762
0.705
0.693
0.778
0.784
0.685
0.697
0.657
0.661
0.664
0.669
0.699
0.683
0.661
0.668
0.665
0.663
0.671
0.675
0.000
0.000
0.641
0.660
0.664
0.651
0.638
0.647
0.658
0.662
0.651
0.654
0.646
0.634
0.648
0.645
0.661
0.622
0.783
0.789
0.615
0.625
0.620
0.624
1.100
1.043
0.615
0.612
0.636
0.737
0.733
0.687
0.940
0.917
0.655
0.650
0.660
0.654
0.603
0.622
0.619
0.648
0.625
0.629
0.604
0.698
0.700
0.731
0.674
0.614
0.623
0.623
0.633
0.638
0.000
0.601
0.602
0.604
0.631
0.603
0.609
0.773
0.780
0.612
0.704
0.952
0.602
0.625
0.936
0.637
0.654
0.907
0.758
0.619
0.581
0.613
0.610
0.000
0.887
0.611
0.610
0.721
0.651
0.000
0.486
0.000
0.000
1.615
1.606
1.197
1.237
1.352
1.288
1.290
1.381
1.427
1.451
1.375
1.426
1.541
1.599
1.631
1.652
1.750
1.699
1.643
1.601
1.565
1.591
1.964
1.938
1.557
1.444
1.316
1.303
1.231
1.175
1.172
1.133
1.097
1.060
1.033
1.030
1.007
0.981
0.993
0.984
0.985
0.973
0.959
0.963
0.983
1.017
1.095
1.088
0.951
0.935
0.949
0.954
0.930
0.963
1.066
1.063
1.030
0.940
0.929
0.974
0.972
0.925
0.911
0.942
0.929
0.927
0.957
0.976
0.972
0.898
0.917
0.919
0.909
0.896
0.897
0.900
0.897
0.897
0.897
0.902
0.894
0.910
0.902
0.909
0.907
0.899
0.909
0.911
0.931
0.915
0.910
0.913
0.924
0.924
0.931
0.938
0.927
0.928
1.050
1.045
0.935
0.917
0.937
0.947
0.949
0.956
0.956
0.956
0.970
0.969
0.976
0.978
1.006
0.981
0.981
1.002
0.995
0.994
1.000
1.001
1.016
1.021
1.020
1.017
1.107
1.110
1.071
1.080
1.062
1.060
1.222
1.254
1.086
1.090
1.067
1.096
1.117
1.125
1.136
1.252
1.281
1.176
1.206
1.251
1.169
1.196
1.197
1.177
1.318
1.330
1.272
1.393
1.354
1.264
1.275
1.262
1.303
1.293
1.290
1.313
1.332
1.325
1.334
1.249
1.349
1.351
1.358
1.377
1.417
1.413
1.567
1.388
1.481
1.258
1.217
1.190
1.137
1.128
1.132
1.133
1.128
1.120
1.115
1.054
0.963
0.927
0.914
0.867
0.843
0.836
0.836
0.835
0.823
0.821
0.801
0.794
0.788
0.796
0.872
0.864
0.857
0.868
0.792
0.787
0.810
0.833
0.805
0.799
0.819
0.808
0.799
0.835
0.858
0.813
0.819
0.828
0.837
0.823
0.815
0.832
0.833
0.841
0.848
0.856
0.850
0.864
0.844
0.842
0.877
0.888
0.867
0.945
1.000
0.913
0.891
0.895
0.857
0.843
0.957
0.938
0.840
0.808
0.837
0.000
0.814
0.766
0.838
0.821
0.753
0.734
0.809
0.812
0.708
0.717
0.707
0.697
0.705
0.709
0.743
0.730
0.718
0.723
0.716
0.723
0.723
0.743
0.000
0.000
0.725
0.730
0.739
0.709
0.707
0.713
0.727
0.714
0.706
0.695
0.680
0.677
0.684
0.694
0.692
0.669
0.860
0.817
0.671
0.679
0.660
0.670
1.220
1.120
0.671
0.668
0.694
0.786
0.800
0.748
0.993
0.978
0.706
0.696
0.712
0.710
0.651
0.657
0.667
0.676
0.669
0.674
0.655
0.744
0.776
0.737
0.720
0.662
0.672
0.663
0.691
0.686
0.000
0.646
0.660
0.665
0.669
0.648
0.683
0.958
1.122
0.696
0.813
0.754
0.678
0.670
0.984
0.688
0.661
0.947
0.582
0.686
0.726
0.659
0.648
0.000
0.883
0.671
0.761
0.807
0.725
0.000
0.592
0.000
0.000
1.612
1.605
1.199
1.248
1.349
1.289
1.293
1.388
1.432
1.444
1.370
1.426
1.543
1.603
1.634
1.655
1.754
1.694
1.642
1.593
1.554
1.578
1.926
1.896
1.540
1.416
1.292
1.278
1.210
1.158
1.157
1.124
1.088
1.055
1.017
1.016
1.001
0.969
0.992
0.981
0.983
0.974
0.955
0.957
0.982
1.010
1.081
1.081
0.946
0.935
0.946
0.952
0.928
0.953
1.044
1.055
1.029
0.937
0.920
0.971
0.966
0.921
0.900
0.939
0.932
0.926
0.944
0.970
0.971
0.897
0.920
0.914
0.905
0.890
0.896
0.896
0.888
0.896
0.890
0.898
0.889
0.902
0.898
0.904
0.903
0.897
0.902
0.905
0.930
0.914
0.914
0.913
0.919
0.933
0.926
0.928
0.922
0.927
1.049
1.048
0.938
0.922
0.931
0.942
0.951
0.944
0.951
0.961
0.966
0.969
0.973
0.970
0.969
0.983
0.977
1.004
0.988
0.995
1.000
1.002
1.015
1.009
1.019
1.027
1.099
1.113
1.072
1.084
1.060
1.057
1.227
1.250
1.075
1.093
1.063
1.093
1.120
1.137
1.142
1.257
1.293
1.192
1.216
1.264
1.170
1.192
1.191
1.184
1.330
1.341
1.279
1.395
1.360
1.261
1.276
1.262
1.289
1.292
1.293
1.304
1.327
1.332
1.343
1.264
1.345
1.358
1.345
1.362
1.417
1.387
1.517
1.363
1.428
1.220
1.187
1.168
1.114
1.120
1.133
1.148
1.131
1.106
1.082
1.004
0.916
0.890
0.885
0.861
0.834
0.831
0.830
0.813
0.806
0.814
0.802
0.794
0.791
0.793
0.868
0.865
0.861
0.861
0.779
0.789
0.811
0.829
0.800
0.795
0.811
0.808
0.802
0.830
0.834
0.810
0.816
0.823
0.830
0.813
0.813
0.832
0.833
0.838
0.840
0.846
0.849
0.851
0.846
0.854
0.884
0.876
0.862
0.951
0.990
0.906
0.860
0.889
0.854
0.831
0.916
0.929
0.823
0.792
0.837
0.000
0.793
0.743
0.808
0.799
0.725
0.712
0.812
0.802
0.706
0.716
0.688
0.701
0.694
0.704
0.741
0.724
0.720
0.728
0.724
0.713
0.724
0.733
0.000
0.000
0.722
0.717
0.714
0.713
0.705
0.709
0.719
0.711
0.680
0.685
0.682
0.671
0.673
0.685
0.704
0.652
0.849
0.859
0.677
0.681
0.663
0.665
1.161
1.144
0.666
0.662
0.692
0.785
0.782
0.722
1.012
0.955
0.682
0.669
0.710
0.679
0.638
0.652
0.669
0.679
0.662
0.663
0.653
0.747
0.767
0.748
0.714
0.652
0.669
0.649
0.678
0.692
0.000
0.647
0.643
0.639
0.677
0.648
0.672
0.856
0.947
0.684
0.873
0.588
0.600
0.689
1.007
0.673
0.670
0.987
1.486
0.678
0.654
0.649
0.667
0.000
0.966
0.661
1.082
0.806
0.682
0.000
0.685
0.000
0.000
2.338
2.167
1.498
1.456
1.449
1.374
1.220
1.207
1.186
1.154
1.099
1.080
1.065
1.058
1.040
1.027
1.083
1.023
0.964
0.945
0.914
0.918
1.138
1.150
0.949
0.906
0.853
0.855
0.854
0.841
0.857
0.859
0.858
0.842
0.833
0.844
0.845
0.831
0.854
0.848
0.855
0.848
0.838
0.841
0.876
0.899
0.965
0.966
0.842
0.827
0.841
0.845
0.863
0.893
0.984
0.984
0.939
0.849
0.841
0.888
0.884
0.849
0.843
0.879
0.869
0.885
0.906
0.929
0.930
0.849
0.885
0.900
0.873
0.864
0.868
0.868
0.867
0.867
0.865
0.873
0.866
0.885
0.879
0.887
0.885
0.877
0.885
0.889
0.916
0.904
0.895
0.895
0.905
0.923
0.922
0.924
0.921
0.923
1.058
1.066
0.937
0.924
0.932
0.944
0.950
0.952
0.953
0.971
0.966
0.970
0.977
0.971
1.011
0.985
0.980
1.001
1.005
1.009
1.000
1.022
1.025
1.020
1.025
1.033
1.117
1.127
1.076
1.090
1.074
1.076
1.247
1.277
1.099
1.111
1.085
1.123
1.135
1.152
1.171
1.276
1.323
1.213
1.252
1.319
1.206
1.224
1.234
1.224
1.384
1.402
1.330
1.459
1.431
1.310
1.341
1.333
1.366
1.377
1.386
1.420
1.443
1.435
1.482
1.393
1.484
1.501
1.492
1.519
1.559
1.539
1.761
1.530
1.695
1.475
1.418
1.352
1.234
1.174
1.114
1.012
0.941
0.891
0.855
0.831
0.808
0.817
0.822
0.808
0.784
0.775
0.772
0.778
0.776
0.784
0.775
0.781
0.776
0.781
0.867
0.857
0.852
0.861
0.789
0.794
0.815
0.844
0.809
0.799
0.820
0.820
0.812
0.858
0.856
0.816
0.836
0.841
0.852
0.835
0.825
0.842
0.849
0.864
0.881
0.878
0.876
0.892
0.886
0.881
0.948
0.923
0.906
0.997
1.063
0.970
0.943
0.956
0.900
0.897
0.972
0.940
0.806
0.756
0.923
0.000
0.783
0.725
0.822
0.796
0.728
0.712
0.810
0.800
0.713
0.737
0.712
0.718
0.715
0.716
0.749
0.729
0.725
0.730
0.730
0.734
0.743
0.751
0.000
0.000
0.736
0.750
0.742
0.739
0.720
0.702
0.715
0.697
0.691
0.693
0.690
0.686
0.678
0.681
0.718
0.674
0.885
0.866
0.680
0.690
0.672
0.693
1.190
1.202
0.672
0.674
0.707
0.791
0.785
0.736
0.990
0.990
0.690
0.699
0.719
0.710
0.661
0.676
0.685
0.701
0.694
0.677
0.665
0.759
0.798
0.786
0.704
0.669
0.661
0.660
0.687
0.697
0.000
0.654
0.657
0.656
0.661
0.670
0.685
0.914
0.877
0.702
0.941
1.238
0.791
0.675
0.952
0.691
0.723
0.955
0.572
0.694
0.729
0.668
0.682
0.000
0.743
0.666
0.767
0.809
0.744
0.000
0.596
0.000
0.000
2.353
2.190
1.507
1.455
1.463
1.374
1.236
1.222
1.196
1.158
1.101
1.072
1.073
1.064
1.040
1.033
1.086
1.022
0.967
0.945
0.909
0.921
1.141
1.145
0.954
0.904
0.841
0.854
0.855
0.842
0.863
0.864
0.860
0.845
0.838
0.846
0.848
0.825
0.848
0.847
0.857
0.846
0.833
0.838
0.866
0.890
0.960
0.961
0.836
0.820
0.835
0.840
0.853
0.879
0.966
0.967
0.925
0.846
0.838
0.879
0.883
0.842
0.833
0.866
0.862
0.876
0.906
0.921
0.917
0.842
0.874
0.879
0.865
0.853
0.855
0.861
0.854
0.863
0.857
0.865
0.864
0.879
0.871
0.883
0.883
0.869
0.879
0.884
0.909
0.897
0.886
0.896
0.905
0.919
0.910
0.914
0.909
0.921
1.040
1.043
0.930
0.919
0.929
0.936
0.947
0.940
0.939
0.951
0.966
0.963
0.970
0.967
0.993
0.978
0.980
0.997
0.998
0.990
1.000
1.003
1.015
1.017
1.025
1.027
1.102
1.109
1.073
1.081
1.062
1.059
1.231
1.261
1.088
1.088
1.087
1.104
1.113
1.140
1.154
1.264
1.305
1.211
1.233
1.298
1.202
1.222
1.232
1.227
1.357
1.393
1.326
1.449
1.418
1.315
1.341
1.318
1.353
1.370
1.365
1.399
1.411
1.424
1.460
1.359
1.467
1.484
1.498
1.503
1.559
1.532
1.766
1.512
1.686
1.465
1.410
1.339
1.230
1.167
1.114
1.021
0.942
0.875
0.853
0.820
0.801
0.818
0.820
0.801
0.788
0.770
0.773
0.775
0.772
0.780
0.770
0.782
0.767
0.766
0.847
0.850
0.850
0.839
0.787
0.801
0.803
0.815
0.796
0.794
0.815
0.817
0.812
0.837
0.863
0.819
0.835
0.838
0.835
0.827
0.834
0.840
0.845
0.855
0.852
0.856
0.880
0.886
0.872
0.868
0.911
0.908
0.900
0.993
1.046
0.954
0.944
0.940
0.909
0.882
0.977
0.935
0.800
0.756
0.793
0.000
0.769
0.723
0.801
0.781
0.710
0.709
0.787
0.799
0.700
0.719
0.703
0.708
0.703
0.713
0.744
0.732
0.722
0.730
0.724
0.725
0.735
0.742
0.000
0.000
0.732
0.733
0.748
0.737
0.720
0.704
0.712
0.707
0.688
0.669
0.680
0.673
0.675
0.690
0.693
0.671
0.871
0.847
0.685
0.692
0.681
0.677
1.191
1.206
0.679
0.670
0.707
0.822
0.774
0.740
1.004
0.960
0.693
0.674
0.701
0.710
0.655
0.668
0.687
0.688
0.677
0.668
0.665
0.763
0.779
0.737
0.710
0.659
0.661
0.656
0.693
0.676
0.000
0.640
0.641
0.641
0.670
0.648
0.663
0.919
0.965
0.649
0.818
0.630
0.643
0.667
1.010
0.670
0.786
0.860
0.938
0.681
0.852
0.660
0.661
0.000
0.670
0.661
0.755
0.807
0.692
0.000
0.624
0.000
0.000
1.293
1.269
0.941
0.919
0.979
0.976
0.874
0.883
0.899
0.935
0.944
0.961
0.957
0.973
0.987
1.021
1.103
1.073
1.052
1.056
1.041
1.065
1.357
1.404
1.179
1.139
1.088
1.143
1.162
1.164
1.219
1.238
1.266
1.266
1.278
1.316
1.333
1.316
1.364
1.386
1.400
1.405
1.406
1.414
1.425
1.462
1.519
1.518
1.344
1.295
1.267
1.223
1.074
1.057
1.160
1.154
1.101
1.004
0.960
0.986
0.991
0.941
0.912
0.938
0.932
0.939
0.955
0.965
0.967
0.904
0.923
0.920
0.910
0.903
0.918
0.916
0.920
0.917
0.923
0.934
0.924
0.939
0.941
0.951
0.951
0.941
0.953
0.952
0.982
0.969
0.958
0.961
0.968
0.980
0.977
0.978
0.970
0.973
1.078
1.079
0.971
0.958
0.966
0.977
0.982
0.970
0.974
0.981
0.975
0.977
0.980
0.954
0.998
0.985
0.990
1.003
1.002
1.002
1.000
1.017
1.016
1.013
1.018
1.025
1.102
1.117
1.076
1.078
1.067
1.068
1.210
1.250
1.091
1.095
1.059
1.091
1.103
1.117
1.124
1.216
1.256
1.151
1.161
1.220
1.110
1.117
1.120
1.121
1.257
1.252
1.210
1.314
1.290
1.190
1.223
1.205
1.232
1.253
1.244
1.265
1.280
1.268
1.208
1.185
1.141
1.051
1.001
0.988
1.011
0.992
1.149
0.986
1.127
1.002
1.019
1.067
1.033
1.042
1.051
1.062
1.052
1.033
0.998
0.936
0.864
0.851
0.830
0.803
0.797
0.789
0.796
0.799
0.796
0.802
0.797
0.794
0.787
0.792
0.863
0.868
0.848
0.847
0.774
0.770
0.788
0.805
0.780
0.775
0.805
0.796
0.787
0.820
0.823
0.788
0.796
0.790
0.795
0.792
0.778
0.784
0.787
0.804
0.805
0.804
0.809
0.807
0.796
0.780
0.815
0.784
0.784
0.864
0.889
0.830
0.811
0.803
0.758
0.735
0.817
0.812
0.728
0.702
0.786
0.000
0.756
0.728
0.782
0.754
0.696
0.683
0.781
0.774
0.677
0.682
0.678
0.666
0.670
0.666
0.690
0.688
0.683
0.670
0.666
0.664
0.675
0.670
0.000
0.000
0.654
0.655
0.655
0.648
0.636
0.655
0.661
0.642
0.640
0.650
0.637
0.626
0.653
0.658
0.677
0.629
0.829
0.802
0.631
0.629
0.624
0.632
1.123
1.046
0.622
0.622
0.640
0.743
0.711
0.684
0.910
0.900
0.656
0.652
0.666
0.653
0.609
0.622
0.633
0.646
0.625
0.619
0.615
0.710
0.730
0.693
0.670
0.617
0.628
0.612
0.635
0.651
0.000
0.599
0.595
0.606
0.608
0.624
0.661
0.626
1.044
0.614
0.789
0.828
0.406
0.624
0.922
0.645
0.696
0.892
0.562
0.641
0.715
0.616
0.602
0.000
0.730
0.626
0.596
0.747
0.681
0.000
0.581
