353 180 0.0 2.00 2.0 2.0 0.15 1.53 0.0
0.000
0.000
0.978
0.945
0.858
0.850
0.895
0.920
0.879
0.854
0.868
0.885
0.890
0.877
0.895
0.908
0.907
0.913
0.927
0.916
0.899
0.924
0.922
0.918
0.930
0.926
0.915
0.904
0.901
0.907
0.934
0.935
0.953
0.946
0.948
0.946
0.950
0.956
0.957
0.959
0.957
0.963
0.964
0.967
0.972
0.972
0.976
0.973
0.964
0.968
0.983
0.985
0.983
0.974
0.959
0.964
0.981
0.971
0.973
0.996
0.985
0.980
0.982
0.983
0.985
0.978
0.981
0.989
0.981
0.975
0.973
0.972
0.969
0.964
0.962
0.962
0.963
0.959
0.960
0.956
0.953
0.955
0.950
0.946
0.947
0.948
0.941
0.952
0.940
0.948
0.922
0.939
0.950
0.943
0.945
0.951
0.943
0.953
0.948
0.951
0.937
0.945
0.944
0.941
0.960
0.947
0.946
0.951
0.959
0.962
0.958
0.959
0.963
0.935
0.941
0.961
0.958
0.964
0.961
0.963
0.974
0.972
0.969
0.968
0.970
0.978
0.981
0.984
0.990
0.976
0.985
0.984
0.991
0.987
0.990
0.983
0.986
1.000
0.990
0.989
0.985
0.988
1.007
1.011
1.004
1.000
1.005
1.002
1.006
1.012
0.997
1.009
1.015
1.023
1.023
1.025
1.024
1.024
1.029
1.037
1.036
1.036
1.041
1.043
1.068
1.006
1.049
1.060
1.054
1.057
1.074
1.060
1.092
1.066
1.071
1.077
1.083
1.080
1.088
1.091
1.072
1.087
1.101
1.112
1.110
1.119
1.109
1.123
1.133
1.130
1.145
1.150
1.152
1.169
1.157
1.171
1.169
1.174
1.183
1.179
1.192
1.193
1.195
1.209
1.207
1.218
1.221
1.229
1.241
1.252
1.249
1.269
1.262
1.286
1.302
1.294
1.279
1.268
1.206
1.101
1.024
1.014
1.012
1.002
0.000
0.000
0.000
0.000
0.000
0.000
0.000
0.000
0.000
0.000
0.000
0.000
0.000
0.000
0.000
0.000
0.000
0.000
0.000
0.000
0.000
0.000
0.000
0.000
0.000
0.000
0.000
0.000
0.000
0.000
0.000
0.000
0.000
0.000
0.000
0.000
0.000
0.000
0.000
0.000
0.000
0.000
0.000
0.000
0.000
0.000
0.000
0.000
0.000
1.065
1.069
1.075
1.089
1.062
1.063
1.056
1.054
1.060
1.059
1.038
1.030
1.016
1.018
1.000
1.002
1.008
1.002
1.004
1.093
1.054
0.992
1.009
1.005
1.024
1.027
1.031
1.094
1.123
1.034
1.036
1.039
1.033
1.044
1.047
1.046
1.039
1.050
1.049
1.021
0.987
0.985
0.997
0.986
0.994
0.989
0.987
0.998
1.017
0.000
0.996
0.992
0.995
1.000
1.031
0.998
0.940
1.143
0.937
1.026
1.092
0.886
0.986
0.961
1.003
0.964
1.383
0.918
0.963
1.036
0.998
0.907
0.000
1.018
0.975
0.987
1.040
0.960
0.000
0.983
0.000
0.000
0.958
0.928
0.844
0.840
0.885
0.905
0.869
0.844
0.864
0.875
0.878
0.866
0.888
0.899
0.903
0.903
0.918
0.909
0.890
0.911
0.913
0.911
0.923
0.916
0.909
0.892
0.891
0.896
0.925
0.929
0.941
0.939
0.938
0.937
0.944
0.947
0.950
0.950
0.949
0.953
0.955
0.959
0.963
0.965
0.967
0.967
0.956
0.961
0.977
0.980
0.975
0.969
0.950
0.955
0.970
0.961
0.967
0.987
0.977
0.972
0.973
0.974
0.977
0.970
0.973
0.976
0.969
0.968
0.967
0.965
0.963
0.956
0.953
0.955
0.953
0.952
0.952
0.948
0.945
0.947
0.937
0.942
0.944
0.941
0.934
0.942
0.930
0.942
0.915
0.932
0.941
0.938
0.937
0.947
0.936
0.942
0.941
0.947
0.927
0.939
0.937
0.934
0.952
0.944
0.938
0.944
0.948
0.955
0.952
0.950
0.951
0.929
0.938
0.952
0.951
0.956
0.959
0.952
0.965
0.966
0.957
0.961
0.960
0.969
0.974
0.971
0.980
0.966
0.972
0.974
0.976
0.979
0.981
0.976
0.981
0.984
0.977
0.981
0.977
0.982
0.994
0.998
0.997
0.987
0.995
0.993
1.004
1.017
0.989
1.000
1.011
1.017
1.014
1.009
1.012
1.024
1.023
1.034
1.021
1.031
1.037
1.034
1.057
0.996
1.047
1.054
1.045
1.053
1.064
1.053
1.075
1.057
1.067
1.071
1.069
1.072
1.078
1.083
1.074
1.077
1.092
1.098
1.105
1.113
1.103
1.117
1.123
1.111
1.135
1.135
1.139
1.161
1.148
1.156
1.160
1.166
1.173
1.173
1.183
1.188
1.186
1.199
1.197
1.206
1.216
1.217
1.222
1.245
1.235
1.253
1.251
1.276
1.281
1.282
1.272
1.252
1.203
1.094
1.021
1.008
1.004
0.992
0.000
0.000
0.000
0.000
0.000
0.000
0.000
0.000
0.000
0.000
0.000
0.000
0.000
0.000
0.000
0.000
0.000
0.000
0.000
0.000
0.000
0.000
0.000
0.000
0.000
0.000
0.000
0.000
0.000
0.000
0.000
0.000
0.000
0.000
0.000
0.000
0.000
0.000
0.000
0.000
0.000
0.000
0.000
0.000
0.000
0.000
0.000
0.000
0.000
1.050
1.052
1.065
1.069
1.055
1.057
1.048
1.043
1.053
1.052
1.027
1.029
1.016
1.008
0.986
0.989
0.992
0.976
0.982
1.066
1.044
0.988
0.989
0.997
1.019
1.024
1.018
1.086
1.127
1.032
1.010
1.032
1.032
1.044
1.042
1.037
1.035
1.041
1.043
1.009
0.973
0.980
0.999
0.978
0.973
0.980
0.978
0.988
1.019
0.000
0.993
0.989
0.994
1.000
1.012
0.999
0.916
1.134
0.943
1.016
1.078
0.977
0.975
0.966
0.983
0.993
1.430
1.135
0.950
1.149
0.987
0.904
0.000
1.036
0.970
1.070
1.025
0.953
0.000
0.979
0.000
0.000
1.047
1.021
0.932
0.935
0.981
1.000
0.978
0.952
0.973
0.987
0.985
0.979
1.011
1.026
1.027
1.029
1.043
1.030
1.007
1.029
1.029
1.028
1.034
1.029
1.016
0.996
0.986
0.992
1.020
1.015
1.026
1.015
1.008
1.001
1.000
0.999
0.997
0.991
0.986
0.987
0.983
0.981
0.980
0.978
0.977
0.972
0.959
0.960
0.971
0.974
0.969
0.955
0.940
0.944
0.955
0.949
0.945
0.970
0.953
0.950
0.956
0.959
0.959
0.950
0.957
0.960
0.957
0.955
0.955
0.954
0.955
0.948
0.946
0.944
0.948
0.948
0.948
0.948
0.943
0.945
0.939
0.942
0.941
0.935
0.937
0.945
0.930
0.947
0.920
0.939
0.950
0.943
0.945
0.956
0.937
0.945
0.946
0.948
0.932
0.945
0.943
0.936
0.955
0.949
0.946
0.946
0.954
0.960
0.957
0.956
0.960
0.935
0.939
0.951
0.952
0.960
0.956
0.958
0.963
0.958
0.959
0.964
0.958
0.970
0.970
0.970
0.981
0.964
0.972
0.968
0.973
0.976
0.978
0.970
0.974
0.975
0.973
0.975
0.970
0.974
0.984
0.988
0.981
0.970
0.984
0.975
0.986
0.994
0.973
0.987
0.992
1.000
1.000
1.002
0.997
0.997
0.991
1.010
1.001
1.002
1.014
1.009
1.025
0.977
1.015
1.022
1.010
1.020
1.039
1.023
1.041
1.023
1.032
1.035
1.036
1.029
1.035
1.035
1.029
1.035
1.044
1.046
1.044
1.059
1.049
1.058
1.065
1.051
1.065
1.072
1.075
1.091
1.082
1.088
1.085
1.086
1.100
1.095
1.103
1.104
1.107
1.117
1.113
1.124
1.125
1.127
1.130
1.148
1.139
1.154
1.155
1.172
1.167
1.167
1.168
1.162
1.154
1.107
1.079
1.078
1.081
1.060
0.000
0.000
0.000
0.000
0.000
0.000
0.000
0.000
0.000
0.000
0.000
0.000
0.000
0.000
0.000
0.000
0.000
0.000
0.000
0.000
0.000
0.000
0.000
0.000
0.000
0.000
0.000
0.000
0.000
0.000
0.000
0.000
0.000
0.000
0.000
0.000
0.000
0.000
0.000
0.000
0.000
0.000
0.000
0.000
0.000
0.000
0.000
0.000
0.000
1.010
1.019
1.018
1.039
1.020
1.023
1.022
1.021
1.023
1.016
1.003
1.006
1.009
1.015
0.999
1.011
1.013
1.000
1.009
1.090
1.078
1.007
1.009
1.020
1.037
1.036
1.038
1.096
1.146
1.042
1.037
1.056
1.050
1.061
1.051
1.060
1.047
1.044
1.059
1.049
1.031
1.017
1.022
0.988
0.987
0.985
0.992
0.996
1.026
0.000
0.996
0.992
0.993
1.000
1.032
1.006
0.918
1.083
0.946
1.038
1.239
0.908
1.012
0.985
1.003
0.983
1.506
1.115
0.982
1.086
0.998
0.909
0.000
0.909
1.000
1.093
1.051
0.976
0.000
1.008
0.000
0.000
1.342
1.307
1.186
1.187
1.234
1.251
1.242
1.204
1.221
1.232
1.215
1.202
1.244
1.251
1.243
1.236
1.239
1.213
1.176
1.182
1.175
1.169
1.166
1.142
1.118
1.077
1.051
1.055
1.081
1.063
1.068
1.046
1.033
1.019
1.011
1.006
0.998
0.991
0.980
0.976
0.969
0.966
0.961
0.955
0.954
0.946
0.932
0.931
0.941
0.940
0.932
0.920
0.903
0.912
0.920
0.911
0.908
0.927
0.919
0.909
0.910
0.911
0.916
0.913
0.912
0.917
0.915
0.914
0.915
0.916
0.912
0.906
0.909
0.910
0.913
0.917
0.918
0.913
0.911
0.912
0.908
0.910
0.912
0.909
0.906
0.918
0.904
0.918
0.886
0.906
0.918
0.913
0.915
0.922
0.912
0.915
0.914
0.918
0.907
0.919
0.911
0.912
0.927
0.920
0.917
0.918
0.923
0.928
0.924
0.926
0.927
0.906
0.912
0.923
0.927
0.925
0.926
0.926
0.935
0.931
0.931
0.931
0.933
0.942
0.942
0.943
0.949
0.934
0.942
0.937
0.945
0.944
0.945
0.944
0.944
0.946
0.941
0.946
0.940
0.946
0.955
0.960
0.955
0.929
0.953
0.945
0.948
0.963
0.945
0.953
0.958
0.967
0.962
0.964
0.957
0.962
0.961
0.971
0.963
0.964
0.974
0.970
0.989
0.947
0.975
0.979
0.973
0.981
0.996
0.982
0.997
0.979
0.982
0.986
0.990
0.985
0.987
0.988
0.978
0.986
0.994
1.000
0.994
1.003
0.991
1.000
1.002
0.998
1.008
1.011
1.012
1.022
1.011
1.022
1.021
1.025
1.025
1.022
1.030
1.033
1.026
1.034
1.036
1.041
1.044
1.046
1.053
1.057
1.049
1.063
1.061
1.076
1.068
1.079
1.067
1.070
1.084
1.079
1.078
1.092
1.092
1.095
0.000
0.000
0.000
0.000
0.000
0.000
0.000
0.000
0.000
0.000
0.000
0.000
0.000
0.000
0.000
0.000
0.000
0.000
0.000
0.000
0.000
0.000
0.000
0.000
0.000
0.000
0.000
0.000
0.000
0.000
0.000
0.000
0.000
0.000
0.000
0.000
0.000
0.000
0.000
0.000
0.000
0.000
0.000
0.000
0.000
0.000
0.000
0.000
0.000
0.970
0.980
0.982
0.990
0.978
0.989
1.004
0.998
1.007
1.006
0.989
0.986
1.017
1.025
1.005
1.018
1.022
1.012
1.020
1.104
1.078
1.019
1.020
1.033
1.047
1.053
1.054
1.106
1.153
1.061
1.043
1.065
1.060
1.075
1.075
1.075
1.072
1.076
1.091
1.107
1.100
1.053
1.035
0.997
0.995
0.989
0.999
1.011
1.035
0.000
1.001
0.998
1.001
1.000
1.025
1.019
0.924
1.126
0.967
1.061
1.133
1.025
1.031
1.015
1.014
0.996
1.456
1.048
1.002
1.043
0.995
0.924
0.000
0.961
1.022
1.146
1.057
0.995
0.000
0.998
0.000
0.000
1.261
1.227
1.109
1.100
1.152
1.175
1.148
1.114
1.128
1.142
1.135
1.125
1.151
1.157
1.152
1.150
1.155
1.133
1.104
1.117
1.111
1.101
1.104
1.085
1.065
1.037
1.023
1.020
1.042
1.033
1.043
1.028
1.017
1.009
1.007
1.003
1.003
0.995
0.991
0.989
0.987
0.986
0.983
0.981
0.983
0.977
0.965
0.964
0.977
0.979
0.974
0.962
0.949
0.954
0.971
0.964
0.960
0.980
0.975
0.969
0.972
0.976
0.976
0.972
0.981
0.986
0.983
0.983
0.984
0.988
0.989
0.981
0.982
0.982
0.984
0.983
0.983
0.982
0.977
0.979
0.970
0.966
0.964
0.953
0.944
0.960
0.947
0.952
0.922
0.941
0.944
0.936
0.932
0.939
0.928
0.932
0.930
0.933
0.914
0.926
0.924
0.919
0.939
0.930
0.925
0.928
0.930
0.937
0.934
0.934
0.932
0.915
0.913
0.932
0.932
0.934
0.932
0.934
0.944
0.942
0.939
0.941
0.940
0.950
0.949
0.948
0.956
0.944
0.956
0.949
0.952
0.950
0.958
0.949
0.951
0.956
0.949
0.952
0.949
0.952
0.967
0.965
0.957
0.941
0.965
0.957
0.964
0.969
0.950
0.961
0.968
0.970
0.972
0.968
0.966
0.972
0.969
0.982
0.968
0.978
0.979
0.977
0.988
0.955
0.978
0.983
0.988
0.986
0.996
0.985
1.003
0.986
0.987
0.992
1.001
0.991
0.995
0.997
0.984
0.988
0.998
1.002
1.003
1.010
1.000
1.009
1.007
1.007
1.015
1.020
1.017
1.028
1.015
1.025
1.028
1.030
1.038
1.040
1.035
1.031
1.035
1.045
1.045
1.049
1.049
1.052
1.057
1.058
1.052
1.064
1.062
1.080
1.078
1.081
1.076
1.080
1.087
1.087
1.084
1.098
1.101
1.092
0.000
0.000
0.000
0.000
0.000
0.000
0.000
0.000
0.000
0.000
0.000
0.000
0.000
0.000
0.000
0.000
0.000
0.000
0.000
0.000
0.000
0.000
0.000
0.000
0.000
0.000
0.000
0.000
0.000
0.000
0.000
0.000
0.000
0.000
0.000
0.000
0.000
0.000
0.000
0.000
0.000
0.000
0.000
0.000
0.000
0.000
0.000
0.000
0.000
0.987
0.982
0.994
0.998
0.991
0.997
1.009
0.998
1.010
1.014
0.988
0.985
1.027
1.030
1.021
1.024
1.029
1.012
1.020
1.109
1.080
1.024
1.031
1.047
1.062
1.056
1.055
1.124
1.167
1.065
1.060
1.071
1.069
1.078
1.081
1.083
1.084
1.089
1.104
1.107
1.076
1.035
1.025
0.993
0.997
1.009
0.999
1.002
1.023
0.000
1.002
1.004
1.007
1.000
1.030
1.037
0.950
1.036
0.986
1.049
1.143
0.972
1.045
1.015
1.021
1.011
1.423
1.162
1.004
1.177
1.007
0.934
0.000
1.044
1.027
0.952
1.061
0.996
0.000
0.983
0.000
0.000
0.976
0.944
0.854
0.848
0.898
0.921
0.881
0.852
0.868
0.881
0.887
0.875
0.893
0.902
0.903
0.906
0.924
0.909
0.889
0.916
0.913
0.906
0.916
0.910
0.891
0.896
0.896
0.903
0.918
0.915
0.935
0.927
0.923
0.923
0.927
0.930
0.932
0.934
0.933
0.934
0.934
0.938
0.939
0.942
0.945
0.942
0.935
0.936
0.951
0.952
0.951
0.944
0.935
0.942
0.955
0.944
0.944
0.980
0.968
0.959
0.965
0.969
0.973
0.976
0.982
0.988
0.987
0.991
0.992
0.999
1.000
0.996
0.998
1.003
0.999
1.011
1.006
1.010
1.007
1.010
1.009
1.011
1.013
0.998
0.995
1.019
0.994
1.014
0.979
1.007
1.017
1.008
1.011
1.022
1.016
1.019
1.017
1.024
0.995
1.019
1.020
1.017
1.038
1.031
1.028
1.038
1.041
1.050
1.046
1.047
1.047
1.022
1.035
1.048
1.048
1.050
1.049
1.046
1.057
1.052
1.044
1.041
1.030
1.035
1.032
1.021
1.023
0.997
0.999
0.993
0.983
0.978
0.976
0.967
0.964
0.965
0.961
0.961
0.955
0.961
0.967
0.970
0.967
0.956
0.961
0.964
0.968
0.974
0.952
0.966
0.979
0.980
0.979
0.980
0.975
0.977
0.981
0.986
0.974
0.982
0.990
0.991
1.008
0.961
0.996
0.992
0.992
0.998
1.011
1.001
1.020
0.996
1.001
1.006
1.013
1.004
1.007
1.006
1.000
0.999
1.014
1.019
1.016
1.022
1.005
1.017
1.020
1.012
1.020
1.025
1.024
1.036
1.023
1.035
1.034
1.031
1.035
1.038
1.042
1.042
1.042
1.044
1.051
1.054
1.061
1.060
1.059
1.067
1.065
1.070
1.082
1.093
1.090
1.091
1.077
1.084
1.094
1.087
1.088
1.099
1.101
1.094
0.000
0.000
0.000
0.000
0.000
0.000
0.000
0.000
0.000
0.000
0.000
0.000
0.000
0.000
0.000
0.000
0.000
0.000
0.000
0.000
0.000
0.000
0.000
0.000
0.000
0.000
0.000
0.000
0.000
0.000
0.000
0.000
0.000
0.000
0.000
0.000
0.000
0.000
0.000
0.000
0.000
0.000
0.000
0.000
0.000
0.000
0.000
0.000
0.000
0.998
1.000
1.003
1.003
0.995
1.004
1.015
1.001
1.018
1.015
0.992
0.998
1.018
1.042
1.017
1.027
1.030
1.025
1.022
1.111
1.079
1.023
1.031
1.043
1.050
1.047
1.056
1.122
1.156
1.049
1.045
1.065
1.048
1.074
1.065
1.062
1.054
1.062
1.065
1.023
1.009
1.005
1.035
1.006
1.015
1.005
0.997
0.999
1.026
0.000
0.996
1.001
1.002
1.000
1.029
1.023
0.964
1.243
0.968
1.044
1.290
1.023
1.043
1.000
1.021
1.003
1.481
1.052
1.007
1.051
0.999
0.928
0.000
0.985
1.025
1.105
1.056
1.012
0.000
1.021
0.000
0.000
0.962
0.931
0.843
0.838
0.885
0.904
0.866
0.838
0.856
0.868
0.873
0.861
0.878
0.886
0.888
0.893
0.906
0.896
0.872
0.896
0.897
0.893
0.947
0.926
0.862
0.864
0.952
0.968
0.902
0.900
0.908
0.907
0.906
0.905
0.908
0.911
0.912
0.914
0.910
0.915
0.912
0.915
0.919
0.921
0.923
0.920
0.910
0.913
0.926
0.928
0.926
0.920
0.910
0.913
0.925
0.921
0.914
0.948
0.935
0.929
0.935
0.937
0.946
0.941
0.947
0.951
0.950
0.954
0.958
0.959
0.964
0.955
0.964
0.965
0.962
0.976
0.973
0.975
0.977
0.976
0.975
0.979
0.983
0.981
0.985
1.001
0.983
1.005
0.971
0.997
1.014
1.010
1.010
1.022
1.022
1.024
1.025
1.030
1.010
1.029
1.037
1.034
1.057
1.046
1.039
1.051
1.065
1.072
1.064
1.069
1.070
1.038
1.050
1.076
1.073
1.074
1.078
1.075
1.083
1.079
1.070
1.063
1.057
1.057
1.055
1.040
1.042
1.015
1.014
1.002
0.994
0.985
0.989
0.977
0.983
0.974
0.967
0.967
0.955
0.962
0.976
0.980
0.965
0.954
0.963
0.966
0.968
0.975
0.957
0.971
0.983
0.982
0.980
0.977
0.974
0.978
0.975
0.988
0.981
0.985
0.989
0.995
1.005
0.960
0.993
0.997
0.994
1.001
1.007
0.999
1.016
0.999
1.005
1.012
1.011
1.002
1.003
1.007
1.002
1.002
1.013
1.015
1.020
1.023
1.013
1.018
1.020
1.013
1.023
1.027
1.023
1.032
1.030
1.032
1.023
1.032
1.043
1.034
1.038
1.038
1.042
1.053
1.049
1.049
1.058
1.060
1.055
1.068
1.059
1.073
1.074
1.086
1.088
1.094
1.083
1.083
1.098
1.084
1.088
1.096
1.094
1.095
0.000
0.000
0.000
0.000
0.000
0.000
0.000
0.000
0.000
0.000
0.000
0.000
0.000
0.000
0.000
0.000
0.000
0.000
0.000
0.000
0.000
0.000
0.000
0.000
0.000
0.000
0.000
0.000
0.000
0.000
0.000
0.000
0.000
0.000
0.000
0.000
0.000
0.000
0.000
0.000
0.000
0.000
0.000
0.000
0.000
0.000
0.000
0.000
0.000
0.986
0.987
0.994
1.005
0.996
1.005
1.024
1.012
1.024
1.019
0.992
0.988
1.021
1.035
1.016
1.021
1.025
1.021
1.025
1.109
1.077
1.024
1.023
1.027
1.053
1.051
1.054
1.116
1.157
1.054
1.034
1.056
1.051
1.057
1.055
1.049
1.055
1.066
1.059
1.004
0.999
1.002
1.026
1.006
1.019
1.006
0.997
1.006
1.026
0.000
1.000
1.002
1.004
1.000
1.024
1.027
1.072
1.386
0.964
1.051
1.379
1.020
1.042
1.004
1.007
0.999
1.422
1.228
0.998
1.146
0.998
0.921
0.000
1.028
1.020
1.394
1.044
0.984
0.000
0.975
0.000
0.000
0.974
0.941
0.849
0.839
0.889
0.912
0.861
0.831
0.847
0.861
0.874
0.864
0.868
0.877
0.877
0.884
0.899
0.884
0.866
0.894
0.893
0.882
0.891
0.887
0.875
0.873
0.872
0.867
0.891
0.886
0.902
0.896
0.890
0.893
0.897
0.898
0.899
0.899
0.898
0.902
0.897
0.901
0.905
0.905
0.912
0.909
0.898
0.896
0.910
0.913
0.910
0.904
0.900
0.898
0.906
0.905
0.897
0.934
0.915
0.911
0.912
0.915
0.922
0.915
0.924
0.929
0.933
0.929
0.929
0.932
0.935
0.930
0.935
0.935
0.933
0.943
0.941
0.941
0.941
0.939
0.939
0.941
0.946
0.941
0.938
0.958
0.939
0.955
0.920
0.950
0.966
0.957
0.954
0.970
0.963
0.965
0.963
0.965
0.942
0.964
0.960
0.959
0.976
0.966
0.962
0.976
0.979
0.990
0.980
0.984
0.987
0.965
0.970
0.986
0.988
0.993
0.990
0.993
1.002
1.005
1.001
1.005
1.001
1.014
1.017
1.023
1.035
1.016
1.027
1.027
1.034
1.035
1.040
1.036
1.036
1.043
1.043
1.041
1.040
1.043
1.062
1.065
1.055
1.049
1.057
1.054
1.064
1.076
1.047
1.062
1.071
1.072
1.067
1.057
1.052
1.050
1.044
1.045
1.029
1.034
1.034
1.031
1.049
0.992
1.035
1.028
1.031
1.032
1.046
1.039
1.052
1.031
1.037
1.041
1.036
1.033
1.033
1.031
1.017
1.022
1.025
1.029
1.025
1.031
1.019
1.024
1.030
1.015
1.027
1.032
1.028
1.039
1.034
1.039
1.038
1.041
1.047
1.039
1.044
1.051
1.052
1.051
1.052
1.059
1.055
1.066
1.066
1.074
1.068
1.076
1.076
1.083
1.096
1.094
1.081
1.085
1.099
1.093
1.105
1.113
1.111
1.107
0.000
0.000
0.000
0.000
0.000
0.000
0.000
0.000
0.000
0.000
0.000
0.000
0.000
0.000
0.000
0.000
0.000
0.000
0.000
0.000
0.000
0.000
0.000
0.000
0.000
0.000
0.000
0.000
0.000
0.000
0.000
0.000
0.000
0.000
0.000
0.000
0.000
0.000
0.000
0.000
0.000
0.000
0.000
0.000
0.000
0.000
0.000
0.000
0.000
0.993
1.001
0.996
1.007
0.993
1.006
1.012
1.001
1.019
1.010
0.989
1.010
1.025
1.042
1.032
1.036
1.034
1.028
1.028
1.106
1.072
1.019
1.024
1.028
1.048
1.048
1.047
1.102
1.137
1.057
1.042
1.058
1.046
1.074
1.071
1.060
1.032
1.001
0.992
1.001
0.995
0.989
1.026
1.015
1.011
1.000
1.011
1.010
1.019
0.000
1.006
0.997
0.994
1.000
1.018
1.018
0.934
1.169
0.968
1.051
1.211
1.060
1.015
1.011
1.009
0.994
1.508
1.122
0.988
1.043
0.998
0.929
0.000
1.040
1.009
0.954
1.037
0.990
0.000
0.989
0.000
0.000
0.987
0.949
0.855
0.843
0.896
0.921
0.865
0.834
0.851
0.866
0.881
0.868
0.870
0.878
0.877
0.885
0.901
0.888
0.871
0.902
0.896
0.881
0.893
0.888
0.877
0.882
0.879
0.872
0.890
0.889
0.905
0.898
0.894
0.899
0.899
0.899
0.903
0.904
0.899
0.903
0.902
0.904
0.905
0.907
0.913
0.910
0.897
0.898
0.915
0.914
0.908
0.903
0.903
0.903
0.913
0.910
0.902
0.934
0.922
0.914
0.920
0.919
0.930
0.927
0.934
0.937
0.939
0.937
0.940
0.944
0.946
0.941
0.944
0.947
0.943
0.953
0.953
0.953
0.954
0.955
0.953
0.961
0.957
0.952
0.956
0.969
0.947
0.969
0.932
0.964
0.976
0.969
0.969
0.979
0.970
0.973
0.972
0.974
0.955
0.970
0.974
0.961
0.980
0.969
0.963
0.974
0.976
0.987
0.974
0.975
0.977
0.955
0.962
0.975
0.970
0.969
0.972
0.971
0.975
0.977
0.970
0.974
0.977
0.983
0.987
0.989
0.998
0.981
0.991
0.988
0.991
0.990
0.995
0.990
0.993
0.998
0.993
0.994
0.991
0.992
1.008
1.013
1.008
0.991
1.005
1.008
1.012
1.020
1.000
1.011
1.025
1.025
1.028
1.028
1.024
1.030
1.025
1.041
1.029
1.033
1.042
1.043
1.059
1.003
1.053
1.058
1.047
1.054
1.064
1.055
1.077
1.055
1.066
1.071
1.079
1.067
1.068
1.072
1.059
1.072
1.074
1.081
1.075
1.086
1.072
1.080
1.085
1.078
1.097
1.096
1.090
1.105
1.097
1.092
1.088
1.088
1.083
1.078
1.081
1.075
1.071
1.080
1.073
1.083
1.086
1.087
1.095
1.100
1.100
1.111
1.105
1.119
1.123
1.123
1.117
1.122
1.136
1.139
1.140
1.149
1.163
1.148
0.000
0.000
0.000
0.000
0.000
0.000
0.000
0.000
0.000
0.000
0.000
0.000
0.000
0.000
0.000
0.000
0.000
0.000
0.000
0.000
0.000
0.000
0.000
0.000
0.000
0.000
0.000
0.000
0.000
0.000
0.000
0.000
0.000
0.000
0.000
0.000
0.000
0.000
0.000
0.000
0.000
0.000
0.000
0.000
0.000
0.000
0.000
0.000
0.000
1.039
0.999
0.993
1.009
0.990
1.007
1.017
1.015
1.015
1.018
0.991
1.002
1.027
1.029
1.018
1.028
1.034
1.027
1.021
1.103
1.077
1.013
1.031
1.042
1.052
1.054
1.053
1.120
1.157
1.065
1.034
1.059
1.053
1.069
1.022
0.987
0.973
0.973
0.987
0.997
1.006
1.001
1.021
0.993
1.009
1.002
1.012
1.015
1.033
0.000
1.000
0.993
1.004
1.000
1.013
1.019
0.916
1.106
0.978
1.020
1.197
0.944
1.013
1.004
1.010
0.989
1.505
0.960
0.986
1.102
0.997
0.901
0.000
0.939
1.011
1.221
1.049
0.990
0.000
0.998
0.000
0.000
1.014
0.975
0.880
0.868
0.917
0.943
0.893
0.858
0.874
0.889
0.906
0.890
0.893
0.901
0.900
0.905
0.922
0.907
0.889
0.917
0.913
0.900
0.914
0.906
0.892
0.895
0.891
0.886
0.906
0.903
0.918
0.910
0.907
0.910
0.911
0.910
0.913
0.910
0.910
0.914
0.911
0.912
0.921
0.919
0.923
0.920
0.909
0.908
0.924
0.923
0.921
0.916
0.911
0.913
0.922
0.918
0.908
0.942
0.929
0.922
0.927
0.927
0.936
0.933
0.940
0.945
0.944
0.944
0.945
0.949
0.952
0.946
0.949
0.951
0.949
0.957
0.959
0.959
0.959
0.961
0.958
0.964
0.964
0.959
0.962
0.975
0.955
0.972
0.939
0.968
0.979
0.973
0.976
0.983
0.971
0.976
0.974
0.981
0.956
0.978
0.973
0.966
0.986
0.974
0.970
0.976
0.981
0.992
0.976
0.976
0.980
0.954
0.960
0.977
0.969
0.972
0.971
0.972
0.981
0.978
0.974
0.980
0.977
0.984
0.989
0.984
0.998
0.979
0.989
0.989
0.993
0.992
0.999
0.994
0.994
1.001
0.992
0.994
0.989
0.994
1.006
1.013
1.002
0.994
0.999
1.003
1.009
1.019
0.998
1.011
1.018
1.025
1.028
1.025
1.024
1.030
1.028
1.043
1.028
1.034
1.037
1.044
1.064
1.005
1.055
1.054
1.049
1.060
1.074
1.066
1.083
1.065
1.070
1.081
1.078
1.071
1.082
1.083
1.077
1.086
1.096
1.107
1.106
1.113
1.103
1.115
1.115
1.110
1.122
1.131
1.131
1.138
1.129
1.132
1.129
1.131
1.121
1.115
1.123
1.119
1.113
1.119
1.121
1.121
1.130
1.132
1.133
1.142
1.141
1.141
1.143
1.149
1.147
1.149
1.135
1.131
1.135
1.124
1.124
1.131
1.142
1.122
0.000
0.000
0.000
0.000
0.000
0.000
0.000
0.000
0.000
0.000
0.000
0.000
0.000
0.000
0.000
0.000
0.000
0.000
0.000
0.000
0.000
0.000
0.000
0.000
0.000
0.000
0.000
0.000
0.000
0.000
0.000
0.000
0.000
0.000
0.000
0.000
0.000
0.000
0.000
0.000
0.000
0.000
0.000
0.000
0.000
0.000
0.000
0.000
0.000
1.090
1.036
1.016
1.021
1.009
1.022
1.025
1.024
1.029
1.019
1.004
1.019
1.028
1.034
1.031
1.032
1.036
1.028
1.039
1.121
1.095
1.027
1.041
1.052
1.065
1.070
1.060
1.126
1.175
1.067
1.063
1.072
1.060
1.061
1.008
0.982
0.977
0.985
1.001
1.008
1.009
1.009
1.027
1.006
1.016
1.011
1.014
1.034
1.056
0.000
1.006
0.996
1.013
1.000
1.021
1.026
0.976
1.062
0.966
1.045
1.153
1.052
1.007
1.008
1.009
0.996
1.402
1.197
0.995
1.090
1.008
0.924
0.000
1.031
1.014
1.167
1.045
1.001
0.000
1.015
0.000
0.000
1.049
1.017
0.912
0.897
0.949
0.975
0.923
0.889
0.904
0.919
0.938
0.923
0.923
0.930
0.930
0.938
0.953
0.939
0.920
0.952
0.946
0.929
0.945
0.938
0.923
0.927
0.927
0.919
0.938
0.934
0.955
0.945
0.941
0.944
0.945
0.944
0.945
0.948
0.948
0.948
0.947
0.952
0.954
0.954
0.959
0.958
0.945
0.947
0.959
0.957
0.959
0.951
0.950
0.949
0.958
0.953
0.941
0.974
0.964
0.957
0.959
0.960
0.967
0.960
0.966
0.971
0.967
0.967
0.967
0.971
0.970
0.962
0.961
0.963
0.963
0.968
0.967
0.966
0.962
0.961
0.960
0.958
0.958
0.956
0.955
0.963
0.945
0.963
0.925
0.953
0.965
0.957
0.957
0.964
0.960
0.961
0.959
0.966
0.938
0.964
0.958
0.953
0.973
0.962
0.957
0.966
0.972
0.976
0.972
0.976
0.976
0.948
0.961
0.977
0.977
0.978
0.980
0.981
0.991
0.986
0.991
0.987
0.986
0.989
0.998
1.002
1.013
0.993
1.002
0.994
1.002
1.004
1.010
1.004
1.008
1.014
1.005
1.005
0.999
1.015
1.022
1.025
1.019
1.008
1.019
1.022
1.025
1.038
1.012
1.029
1.043
1.045
1.042
1.049
1.044
1.051
1.050
1.053
1.048
1.048
1.064
1.063
1.086
1.015
1.075
1.081
1.079
1.084
1.094
1.086
1.105
1.087
1.094
1.106
1.111
1.106
1.111
1.113
1.105
1.111
1.115
1.127
1.131
1.148
1.136
1.150
1.154
1.141
1.164
1.165
1.166
1.183
1.173
1.188
1.196
1.202
1.206
1.206
1.219
1.219
1.221
1.222
1.226
1.208
1.194
1.169
1.141
1.127
1.106
1.104
1.111
1.104
1.100
1.097
1.078
1.075
1.078
1.060
1.050
1.064
1.053
1.047
0.000
0.000
0.000
0.000
0.000
0.000
0.000
0.000
0.000
0.000
0.000
0.000
0.000
0.000
0.000
0.000
0.000
0.000
0.000
0.000
0.000
0.000
0.000
0.000
0.000
0.000
0.000
0.000
0.000
0.000
0.000
0.000
0.000
0.000
0.000
0.000
0.000
0.000
0.000
0.000
0.000
0.000
0.000
0.000
0.000
0.000
0.000
0.000
0.000
1.165
1.149
1.116
1.044
1.024
1.026
1.028
1.025
1.035
1.033
1.018
1.017
1.047
1.060
1.046
1.050
1.054
1.049
1.058
1.139
1.110
1.057
1.063
1.077
1.084
1.093
1.095
1.166
1.203
1.096
1.076
1.059
1.014
1.012
0.997
0.991
0.983
0.992
1.005
1.017
1.020
1.021
1.050
1.027
1.028
1.022
1.042
1.040
1.056
0.000
1.031
1.018
1.018
1.000
1.026
1.043
0.967
1.141
0.990
1.045
1.160
1.009
1.030
1.015
1.029
0.981
1.490
1.168
1.000
1.083
1.017
0.916
0.000
1.037
1.022
1.030
1.055
1.018
0.000
0.978
0.000
0.000
1.023
0.987
0.889
0.873
0.928
0.954
0.898
0.865
0.881
0.898
0.915
0.905
0.904
0.909
0.909
0.919
0.937
0.923
0.905
0.937
0.934
0.916
0.933
0.924
0.914
0.918
0.914
0.906
0.927
0.924
0.944
0.936
0.933
0.935
0.938
0.937
0.939
0.943
0.940
0.942
0.944
0.945
0.948
0.951
0.957
0.956
0.942
0.942
0.953
0.959
0.957
0.949
0.946
0.949
0.958
0.949
0.944
0.981
0.962
0.958
0.959
0.958
0.968
0.965
0.970
0.974
0.975
0.971
0.973
0.972
0.973
0.968
0.968
0.970
0.968
0.971
0.966
0.971
0.967
0.964
0.962
0.965
0.967
0.959
0.962
0.973
0.956
0.970
0.939
0.963
0.974
0.966
0.965
0.976
0.971
0.975
0.972
0.975
0.950
0.973
0.971
0.966
0.988
0.977
0.971
0.981
0.985
0.995
0.987
0.986
0.989
0.967
0.974
0.986
0.985
0.989
0.994
0.992
1.000
1.001
0.999
0.997
0.998
1.003
1.010
1.012
1.022
1.002
1.013
1.007
1.011
1.021
1.018
1.014
1.022
1.020
1.014
1.019
1.009
1.014
1.025
1.029
1.027
1.021
1.026
1.024
1.031
1.045
1.021
1.035
1.043
1.051
1.055
1.049
1.051
1.059
1.055
1.061
1.057
1.063
1.076
1.076
1.087
1.031
1.084
1.088
1.084
1.087
1.107
1.096
1.116
1.095
1.105
1.113
1.117
1.111
1.118
1.129
1.113
1.113
1.135
1.143
1.139
1.157
1.141
1.160
1.161
1.164
1.173
1.179
1.184
1.197
1.178
1.186
1.180
1.166
1.172
1.163
1.171
1.170
1.172
1.168
1.167
1.154
1.139
1.116
1.082
1.071
1.065
1.056
1.061
1.064
1.066
1.064
1.059
1.064
1.077
1.063
1.065
1.070
1.072
1.053
0.000
0.000
0.000
0.000
0.000
0.000
0.000
0.000
0.000
0.000
0.000
0.000
0.000
0.000
0.000
0.000
0.000
0.000
0.000
0.000
0.000
0.000
0.000
0.000
0.000
0.000
0.000
0.000
0.000
0.000
0.000
0.000
0.000
0.000
0.000
0.000
0.000
0.000
0.000
0.000
0.000
0.000
0.000
0.000
0.000
0.000
0.000
0.000
0.000
1.157
1.157
1.142
1.073
1.028
1.022
1.030
1.020
1.032
1.026
1.011
1.029
1.039
1.064
1.045
1.046
1.049
1.051
1.052
1.145
1.112
1.051
1.064
1.073
1.090
1.082
1.085
1.149
1.196
1.083
1.046
1.022
0.992
1.002
0.992
0.994
0.988
0.993
1.012
1.015
1.019
1.014
1.041
1.021
1.031
1.034
1.026
1.040
1.059
0.000
1.024
1.009
1.011
1.000
1.029
1.024
0.960
0.993
0.980
1.037
1.056
0.969
1.034
0.991
1.021
1.009
1.485
0.919
1.006
1.024
1.009
0.918
0.000
0.981
1.031
1.031
1.054
1.011
0.000
0.995
0.000
0.000
1.016
0.979
0.881
0.865
0.918
0.940
0.887
0.852
0.868
0.885
0.902
0.890
0.889
0.895
0.895
0.905
0.918
0.906
0.886
0.917
0.913
0.896
0.911
0.905
0.891
0.898
0.892
0.884
0.902
0.902
0.916
0.910
0.904
0.907
0.913
0.910
0.910
0.910
0.908
0.911
0.910
0.912
0.914
0.917
0.920
0.921
0.906
0.908
0.920
0.921
0.919
0.913
0.914
0.910
0.925
0.916
0.908
0.939
0.926
0.922
0.922
0.923
0.938
0.930
0.933
0.938
0.938
0.942
0.944
0.944
0.946
0.941
0.944
0.947
0.949
0.954
0.953
0.952
0.951
0.955
0.949
0.955
0.955
0.953
0.954
0.969
0.953
0.973
0.940
0.962
0.976
0.969
0.970
0.977
0.977
0.975
0.975
0.979
0.955
0.977
0.977
0.974
0.996
0.981
0.980
0.986
0.994
1.008
0.996
0.997
0.999
0.975
0.981
0.999
0.999
0.998
1.003
1.004
1.022
1.017
1.016
1.019
1.014
1.022
1.034
1.034
1.045
1.029
1.036
1.030
1.043
1.043
1.049
1.045
1.049
1.051
1.049
1.049
1.044
1.055
1.070
1.073
1.064
1.048
1.066
1.065
1.077
1.094
1.073
1.084
1.099
1.107
1.108
1.109
1.104
1.114
1.117
1.132
1.127
1.129
1.140
1.145
1.165
1.083
1.153
1.168
1.165
1.171
1.187
1.170
1.206
1.178
1.196
1.203
1.197
1.207
1.204
1.202
1.179
1.173
1.170
1.143
1.112
1.095
1.064
1.058
1.050
1.029
1.036
1.038
1.033
1.037
1.024
1.018
1.016
1.006
1.007
0.996
1.003
1.001
1.001
1.003
1.009
1.004
1.008
1.008
1.010
1.022
1.016
1.024
1.028
1.034
1.038
1.038
1.032
1.033
1.047
1.041
1.042
1.054
1.054
1.038
0.000
0.000
0.000
0.000
0.000
0.000
0.000
0.000
0.000
0.000
0.000
0.000
0.000
0.000
0.000
0.000
0.000
0.000
0.000
0.000
0.000
0.000
0.000
0.000
0.000
0.000
0.000
0.000
0.000
0.000
0.000
0.000
0.000
0.000
0.000
0.000
0.000
0.000
0.000
0.000
0.000
0.000
0.000
0.000
0.000
0.000
0.000
0.000
0.000
1.147
1.152
1.156
1.164
1.108
1.055
1.034
1.015
1.028
1.021
1.009
1.021
1.045
1.055
1.037
1.048
1.058
1.045
1.049
1.151
1.111
1.053
1.066
1.077
1.090
1.094
1.084
1.107
1.097
0.989
0.958
0.984
0.980
0.990
0.992
0.994
0.985
0.992
1.002
1.010
1.018
1.010
1.031
1.013
1.006
1.003
1.002
1.011
1.033
0.000
1.009
1.012
1.016
1.000
1.019
1.034
0.920
0.986
0.957
1.048
1.157
0.990
1.005
0.973
1.014
0.985
1.436
1.144
0.993
0.971
1.000
0.923
0.000
1.001
1.019
0.961
1.041
0.975
0.000
1.014
0.000
0.000
1.022
0.989
0.888
0.870
0.926
0.949
0.895
0.860
0.876
0.892
0.914
0.893
0.895
0.903
0.900
0.908
0.926
0.911
0.893
0.923
0.920
0.903
0.917
0.910
0.897
0.905
0.901
0.891
0.907
0.904
0.921
0.913
0.911
0.914
0.917
0.913
0.915
0.916
0.914
0.917
0.915
0.918
0.921
0.920
0.927
0.923
0.914
0.912
0.924
0.923
0.923
0.918
0.916
0.919
0.926
0.919
0.911
0.943
0.929
0.926
0.930
0.927
0.939
0.932
0.937
0.947
0.941
0.944
0.945
0.946
0.950
0.947
0.949
0.946
0.949
0.960
0.958
0.956
0.955
0.961
0.956
0.961
0.960
0.953
0.954
0.969
0.959
0.975
0.942
0.968
0.980
0.974
0.969
0.982
0.978
0.980
0.977
0.984
0.962
0.981
0.981
0.979
1.001
0.984
0.981
0.989
0.996
1.007
0.998
1.000
1.003
0.982
0.985
1.008
1.008
1.011
1.008
1.007
1.020
1.020
1.020
1.022
1.021
1.033
1.042
1.037
1.058
1.035
1.046
1.045
1.050
1.053
1.060
1.057
1.065
1.064
1.059
1.070
1.062
1.066
1.086
1.092
1.086
1.072
1.090
1.096
1.098
1.113
1.094
1.107
1.118
1.134
1.133
1.137
1.141
1.143
1.147
1.160
1.155
1.164
1.165
1.177
1.199
1.109
1.190
1.194
1.188
1.196
1.207
1.190
1.210
1.192
1.190
1.203
1.202
1.201
1.191
1.196
1.159
1.163
1.147
1.128
1.086
1.064
1.022
1.014
1.007
0.993
1.000
0.994
0.988
1.002
0.997
0.994
1.000
1.005
0.999
1.003
1.007
1.005
1.003
1.007
1.006
1.016
1.020
1.018
1.013
1.027
1.025
1.021
1.025
1.043
1.044
1.037
1.029
1.039
1.045
1.042
1.039
1.054
1.063
1.044
0.000
0.000
0.000
0.000
0.000
0.000
0.000
0.000
0.000
0.000
0.000
0.000
0.000
0.000
0.000
0.000
0.000
0.000
0.000
0.000
0.000
0.000
0.000
0.000
0.000
0.000
0.000
0.000
0.000
0.000
0.000
0.000
0.000
0.000
0.000
0.000
0.000
0.000
0.000
0.000
0.000
0.000
0.000
0.000
0.000
0.000
0.000
0.000
0.000
1.146
1.154
1.163
1.173
1.141
1.081
1.037
1.027
1.033
1.033
1.004
1.030
1.050
1.062
1.051
1.051
1.054
1.050
1.055
1.138
1.123
1.060
1.067
1.075
1.089
1.088
1.082
1.094
1.088
0.988
0.973
0.994
0.988
0.988
0.996
0.981
0.978
0.997
1.013
1.007
1.015
1.012
1.032
0.996
1.003
1.004
1.007
1.011
1.023
0.000
1.013
1.014
1.023
1.000
1.015
1.023
0.896
1.074
0.959
1.047
1.057
0.994
1.024
0.969
1.014
0.963
1.524
0.995
0.989
1.011
1.008
0.924
0.000
0.933
1.016
1.017
1.056
0.979
0.000
0.989
0.000
0.000
1.009
0.975
0.878
0.863
0.916
0.939
0.887
0.854
0.869
0.888
0.907
0.892
0.893
0.901
0.900
0.908
0.926
0.913
0.896
0.927
0.925
0.907
0.922
0.916
0.905
0.912
0.911
0.901
0.918
0.918
0.934
0.927
0.924
0.926
0.928
0.927
0.929
0.933
0.931
0.932
0.931
0.935
0.936
0.939
0.943
0.942
0.929
0.932
0.947
0.948
0.944
0.937
0.937
0.938
0.952
0.946
0.935
0.968
0.952
0.947
0.954
0.955
0.962
0.959
0.965
0.969
0.966
0.972
0.973
0.973
0.978
0.972
0.977
0.980
0.976
0.988
0.986
0.986
0.986
0.988
0.988
0.991
0.993
0.987
0.990
1.004
0.990
1.009
0.978
0.998
1.012
1.009
1.013
1.020
1.018
1.014
1.016
1.020
1.001
1.020
1.023
1.014
1.043
1.036
1.029
1.036
1.045
1.056
1.050
1.050
1.058
1.030
1.043
1.059
1.064
1.067
1.074
1.079
1.092
1.087
1.086
1.095
1.093
1.107
1.122
1.120
1.139
1.119
1.134
1.129
1.142
1.150
1.158
1.153
1.162
1.168
1.170
1.176
1.176
1.183
1.204
1.216
1.214
1.215
1.217
1.216
1.225
1.240
1.203
1.215
1.208
1.198
1.175
1.151
1.131
1.124
1.115
1.110
1.099
1.099
1.103
1.104
1.101
1.052
1.089
1.078
1.059
1.051
1.044
1.015
1.016
1.008
0.995
1.000
0.998
0.986
0.987
0.985
0.979
0.984
0.984
1.000
0.994
1.001
0.992
0.997
1.003
0.994
1.006
1.007
1.008
1.015
1.014
1.016
1.013
1.019
1.028
1.018
1.027
1.026
1.025
1.024
1.030
1.031
1.032
1.035
1.038
1.048
1.038
1.045
1.043
1.063
1.057
1.053
1.040
1.042
1.055
1.047
1.040
1.047
1.044
1.036
0.000
0.000
0.000
0.000
0.000
0.000
0.000
0.000
0.000
0.000
0.000
0.000
0.000
0.000
0.000
0.000
0.000
0.000
0.000
0.000
0.000
0.000
0.000
0.000
0.000
0.000
0.000
0.000
0.000
0.000
0.000
0.000
0.000
0.000
0.000
0.000
0.000
0.000
0.000
0.000
0.000
0.000
0.000
0.000
0.000
0.000
0.000
0.000
0.000
1.148
1.144
1.148
1.166
1.155
1.164
1.116
1.048
1.043
1.040
1.021
1.022
1.050
1.068
1.059
1.073
1.066
1.066
1.064
1.160
1.129
1.070
1.076
1.058
1.045
1.013
0.994
1.036
1.082
1.002
0.980
0.999
0.992
1.001
0.995
0.993
0.986
0.990
1.003
1.001
0.999
1.008
1.036
1.014
1.015
1.014
1.002
1.010
1.032
0.000
1.011
1.016
1.016
1.000
1.032
1.020
0.902
1.033
0.978
1.044
1.093
0.952
1.026
0.976
1.007
0.978
1.405
1.026
1.000
1.181
0.996
0.896
0.000
0.914
1.019
1.060
1.056
1.004
0.000
0.998
0.000
0.000
0.991
0.958
0.863
0.848
0.899
0.925
0.876
0.843
0.860
0.875
0.892
0.879
0.884
0.891
0.890
0.900
0.916
0.904
0.883
0.914
0.913
0.898
0.912
0.907
0.893
0.898
0.893
0.887
0.909
0.907
0.922
0.917
0.915
0.915
0.921
0.919
0.921
0.923
0.920
0.924
0.922
0.926
0.928
0.931
0.936
0.929
0.920
0.921
0.937
0.939
0.936
0.929
0.925
0.929
0.948
0.939
0.923
0.962
0.943
0.938
0.944
0.944
0.954
0.950
0.954
0.959
0.965
0.959
0.966
0.966
0.969
0.961
0.971
0.973
0.973
0.978
0.981
0.979
0.978
0.985
0.983
0.985
0.990
0.983
0.985
1.001
0.985
1.000
0.975
0.999
1.016
1.007
1.008
1.016
1.014
1.019
1.020
1.027
1.002
1.029
1.029
1.026
1.051
1.042
1.036
1.045
1.058
1.067
1.057
1.070
1.073
1.048
1.057
1.077
1.082
1.091
1.095
1.100
1.113
1.117
1.115
1.121
1.122
1.137
1.145
1.149
1.170
1.152
1.167
1.163
1.173
1.179
1.186
1.178
1.189
1.193
1.192
1.202
1.193
1.202
1.227
1.231
1.229
1.222
1.231
1.229
1.230
1.233
1.198
1.193
1.174
1.148
1.111
1.075
1.046
1.028
1.007
1.001
0.979
0.977
0.972
0.969
0.972
0.941
0.964
0.963
0.961
0.965
0.978
0.970
0.981
0.961
0.964
0.970
0.975
0.964
0.969
0.967
0.961
0.972
0.973
0.979
0.974
0.983
0.972
0.981
0.988
0.980
0.989
0.995
1.000
1.005
0.998
1.001
1.002
1.002
1.012
1.009
1.019
1.019
1.012
1.012
1.019
1.025
1.022
1.026
1.030
1.038
1.033
1.036
1.042
1.042
1.041
1.045
1.033
1.031
1.037
1.027
1.027
1.031
1.032
1.018
0.000
0.000
0.000
0.000
0.000
0.000
0.000
0.000
0.000
0.000
0.000
0.000
0.000
0.000
0.000
0.000
0.000
0.000
0.000
0.000
0.000
0.000
0.000
0.000
0.000
0.000
0.000
0.000
0.000
0.000
0.000
0.000
0.000
0.000
0.000
0.000
0.000
0.000
0.000
0.000
0.000
0.000
0.000
0.000
0.000
0.000
0.000
0.000
0.000
1.126
1.130
1.137
1.155
1.133
1.150
1.130
1.051
1.035
1.025
1.004
1.022
1.044
1.049
1.042
1.050
1.055
1.048
1.058
1.146
1.113
1.057
1.055
1.019
0.984
0.973
0.971
1.019
1.071
0.973
0.972
0.983
0.976
0.981
0.975
0.979
0.970
0.969
0.982
0.991
0.991
0.991
1.006
0.997
1.002
0.990
0.994
0.994
1.016
0.000
1.005
0.997
1.009
1.000
1.016
1.012
0.902
1.170
0.948
1.028
1.064
0.794
1.013
0.965
0.986
1.003
1.461
1.072
0.973
1.053
0.979
0.906
0.000
0.927
0.998
1.051
1.033
0.972
0.000
0.948
0.000
0.000
1.014
0.981
0.883
0.868
0.922
0.950
0.895
0.865
0.882
0.898
0.919
0.906
0.908
0.917
0.918
0.930
0.946
0.932
0.914
0.947
0.945
0.930
0.948
0.938
0.929
0.933
0.931
0.924
0.944
0.946
0.961
0.953
0.952
0.957
0.960
0.960
0.961
0.966
0.964
0.966
0.969
0.972
0.973
0.980
0.984
0.983
0.973
0.973
0.990
0.992
0.989
0.982
0.981
0.987
1.000
0.996
0.986
1.023
1.011
1.006
1.010
1.015
1.028
1.024
1.028
1.041
1.039
1.042
1.049
1.051
1.054
1.055
1.060
1.065
1.071
1.077
1.089
1.086
1.088
1.098
1.100
1.106
1.113
1.110
1.111
1.140
1.125
1.152
1.125
1.157
1.178
1.177
1.183
1.201
1.206
1.211
1.215
1.228
1.203
1.245
1.246
1.243
1.280
1.268
1.256
1.268
1.268
1.270
1.254
1.236
1.223
1.172
1.155
1.160
1.145
1.132
1.123
1.114
1.125
1.108
1.101
1.102
1.097
1.108
1.103
1.102
1.115
1.088
1.086
1.075
1.075
1.060
1.047
1.028
1.016
1.000
0.986
0.975
0.967
0.962
0.962
0.964
0.956
0.942
0.953
0.945
0.950
0.962
0.943
0.954
0.958
0.960
0.964
0.962
0.963
0.964
0.962
0.970
0.966
0.967
0.970
0.979
0.989
0.953
0.980
0.980
0.974
0.982
0.995
0.978
0.992
0.974
0.978
0.977
0.980
0.967
0.974
0.978
0.957
0.970
0.971
0.975
0.972
0.980
0.970
0.973
0.980
0.975
0.986
0.982
0.978
0.992
0.981
0.989
0.989
0.986
0.991
0.980
0.984
0.982
0.986
0.989
0.978
0.982
0.993
0.994
0.990
0.998
0.992
0.997
0.995
1.011
1.007
1.009
0.996
1.000
1.007
1.004
1.005
1.010
1.021
1.011
0.000
0.000
0.000
0.000
0.000
0.000
0.000
0.000
0.000
0.000
0.000
0.000
0.000
0.000
0.000
0.000
0.000
0.000
0.000
0.000
0.000
0.000
0.000
0.000
0.000
0.000
0.000
0.000
0.000
0.000
0.000
0.000
0.000
0.000
0.000
0.000
0.000
0.000
0.000
0.000
0.000
0.000
0.000
0.000
0.000
0.000
0.000
0.000
0.000
1.121
1.130
1.136
1.159
1.144
1.163
1.176
1.139
1.089
1.043
1.023
1.024
1.054
1.071
1.064
1.061
1.064
1.054
1.057
1.095
1.040
0.967
0.959
0.961
0.972
0.973
0.971
1.032
1.060
0.967
0.953
0.966
0.951
0.967
0.960
0.959
0.957
0.964
0.975
0.983
0.985
0.980
0.999
0.991
0.994
0.987
0.989
0.998
1.021
0.000
0.996
0.985
0.998
1.000
1.022
1.012
0.936
1.122
0.947
1.018
1.059
0.995
1.014
0.957
0.981
0.946
1.426
0.960
0.979
1.041
0.974
0.886
0.000
0.916
1.001
0.963
1.015
0.959
0.000
0.978
0.000
0.000
1.039
1.006
0.906
0.895
0.950
0.978
0.925
0.893
0.910
0.927
0.948
0.938
0.944
0.951
0.952
0.962
0.982
0.967
0.951
0.986
0.981
0.966
0.986
0.980
0.970
0.974
0.968
0.966
0.991
0.990
1.006
1.000
1.001
1.005
1.009
1.009
1.012
1.017
1.018
1.021
1.023
1.029
1.035
1.041
1.044
1.045
1.034
1.036
1.054
1.063
1.061
1.058
1.055
1.062
1.078
1.074
1.069
1.112
1.098
1.099
1.111
1.113
1.131
1.133
1.144
1.156
1.167
1.169
1.179
1.184
1.193
1.194
1.206
1.214
1.223
1.231
1.237
1.241
1.243
1.249
1.245
1.248
1.245
1.231
1.220
1.236
1.210
1.226
1.191
1.207
1.221
1.214
1.216
1.224
1.226
1.226
1.227
1.238
1.212
1.241
1.241
1.235
1.269
1.247
1.240
1.243
1.236
1.235
1.208
1.186
1.160
1.102
1.077
1.063
1.043
1.027
1.009
0.998
0.995
0.978
0.969
0.964
0.961
0.957
0.957
0.958
0.969
0.949
0.955
0.947
0.953
0.951
0.957
0.948
0.952
0.953
0.951
0.951
0.945
0.949
0.958
0.962
0.957
0.933
0.956
0.951
0.950
0.967
0.946
0.953
0.962
0.965
0.968
0.966
0.961
0.967
0.968
0.969
0.966
0.968
0.976
0.979
0.986
0.948
0.978
0.980
0.973
0.980
0.987
0.972
0.985
0.970
0.965
0.965
0.964
0.954
0.957
0.959
0.949
0.956
0.953
0.962
0.956
0.963
0.952
0.964
0.962
0.951
0.959
0.966
0.964
0.969
0.967
0.973
0.971
0.978
0.973
0.977
0.982
0.978
0.974
0.985
0.981
0.988
0.982
0.986
0.985
0.993
0.991
0.996
0.993
1.008
1.001
0.999
0.992
0.999
1.007
1.000
1.001
1.014
1.020
1.009
0.000
0.000
0.000
0.000
0.000
0.000
0.000
0.000
0.000
0.000
0.000
0.000
0.000
0.000
0.000
0.000
0.000
0.000
0.000
0.000
0.000
0.000
0.000
0.000
0.000
0.000
0.000
0.000
0.000
0.000
0.000
0.000
0.000
0.000
0.000
0.000
0.000
0.000
0.000
0.000
0.000
0.000
0.000
0.000
0.000
0.000
0.000
0.000
0.000
1.135
1.143
1.146
1.157
1.142
1.162
1.171
1.160
1.133
1.063
1.031
1.035
1.065
1.077
1.067
1.073
1.065
1.045
1.028
1.050
1.001
0.953
0.953
0.963
0.971
0.965
0.968
1.017
1.053
0.956
0.936
0.964
0.951
0.953
0.958
0.958
0.956
0.956
0.976
0.988
0.976
0.989
1.003
0.986
0.997
0.988
0.992
0.998
1.024
0.000
1.004
0.999
1.003
1.000
1.033
1.022
0.934
1.000
0.942
1.006
0.990
0.938
1.009
0.956
0.980
0.967
1.415
0.895
0.984
1.035
0.971
0.882
0.000
1.053
1.000
1.008
1.026
0.967
0.000
0.979
0.000
0.000
1.186
1.159
1.050
1.053
1.107
1.134
1.112
1.079
1.104
1.126
1.139
1.135
1.163
1.184
1.193
1.204
1.233
1.225
1.212
1.250
1.259
1.267
1.289
1.293
1.303
1.288
1.278
1.319
1.379
1.391
1.435
1.439
1.453
1.472
1.489
1.507
1.522
1.541
1.551
1.568
1.578
1.595
1.607
1.613
1.608
1.600
1.570
1.553
1.551
1.523
1.483
1.440
1.395
1.350
1.319
1.280
1.251
1.257
1.209
1.180
1.160
1.142
1.137
1.113
1.108
1.101
1.090
1.081
1.078
1.068
1.066
1.054
1.051
1.049
1.047
1.043
1.045
1.041
1.032
1.033
1.025
1.026
1.022
1.009
1.002
1.011
0.993
1.000
0.969
0.982
0.988
0.979
0.972
0.978
0.971
0.964
0.959
0.960
0.936
0.951
0.943
0.930
0.950
0.930
0.925
0.926
0.930
0.935
0.927
0.922
0.923
0.908
0.908
0.914
0.915
0.915
0.918
0.917
0.924
0.918
0.916
0.915
0.911
0.915
0.918
0.921
0.933
0.913
0.916
0.907
0.914
0.917
0.917
0.913
0.914
0.912
0.906
0.910
0.907
0.904
0.915
0.919
0.909
0.890
0.909
0.903
0.906
0.913
0.894
0.905
0.915
0.914
0.912
0.910
0.908
0.912
0.905
0.916
0.912
0.909
0.915
0.919
0.924
0.901
0.918
0.921
0.917
0.918
0.931
0.919
0.936
0.919
0.923
0.927
0.926
0.923
0.926
0.929
0.918
0.925
0.924
0.928
0.929
0.931
0.931
0.937
0.934
0.925
0.939
0.937
0.940
0.951
0.943
0.946
0.948
0.948
0.957
0.943
0.952
0.951
0.948
0.955
0.960
0.962
0.961
0.960
0.960
0.968
0.964
0.975
0.974
0.979
0.980
0.982
0.976
0.984
0.990
0.984
0.986
0.989
0.992
0.986
0.000
0.000
0.000
0.000
0.000
0.000
0.000
0.000
0.000
0.000
0.000
0.000
0.000
0.000
0.000
0.000
0.000
0.000
0.000
0.000
0.000
0.000
0.000
0.000
0.000
0.000
0.000
0.000
0.000
0.000
0.000
0.000
0.000
0.000
0.000
0.000
0.000
0.000
0.000
0.000
0.000
0.000
0.000
0.000
0.000
0.000
0.000
0.000
0.000
1.163
1.164
1.174
1.177
1.161
1.176
1.182
1.177
1.175
1.115
1.057
1.045
1.073
1.072
1.004
0.975
0.967
0.943
0.940
1.006
0.979
0.921
0.925
0.930
0.938
0.938
0.937
0.989
1.022
0.943
0.922
0.942
0.936
0.952
0.949
0.944
0.938
0.944
0.957
0.963
0.976
0.964
0.990
0.984
0.986
0.989
0.976
0.998
1.008
0.000
0.994
0.987
1.002
1.000
1.024
1.008
0.887
1.140
0.936
1.013
1.054
0.976
0.964
0.928
0.972
0.965
1.508
1.206
0.967
0.995
0.963
0.895
0.000
1.046
0.991
0.897
1.003
0.958
0.000
0.981
0.000
0.000
1.778
1.759
1.595
1.596
1.647
1.660
1.663
1.594
1.592
1.590
1.562
1.534
1.550
1.534
1.510
1.495
1.491
1.449
1.409
1.424
1.405
1.386
1.391
1.372
1.356
1.332
1.307
1.320
1.349
1.344
1.369
1.354
1.348
1.347
1.353
1.354
1.353
1.354
1.349
1.353
1.350
1.355
1.356
1.353
1.342
1.333
1.305
1.293
1.290
1.270
1.243
1.211
1.181
1.154
1.135
1.107
1.080
1.093
1.058
1.034
1.024
1.012
1.013
0.992
0.985
0.985
0.973
0.968
0.962
0.954
0.951
0.947
0.941
0.940
0.938
0.938
0.938
0.934
0.929
0.932
0.930
0.929
0.932
0.929
0.928
0.932
0.921
0.933
0.906
0.921
0.933
0.923
0.924
0.926
0.924
0.922
0.920
0.926
0.901
0.915
0.911
0.902
0.917
0.907
0.900
0.902
0.909
0.918
0.907
0.902
0.906
0.883
0.890
0.900
0.894
0.898
0.901
0.900
0.905
0.902
0.903
0.903
0.900
0.901
0.904
0.904
0.918
0.895
0.908
0.897
0.903
0.905
0.905
0.902
0.906
0.905
0.900
0.899
0.894
0.902
0.907
0.912
0.900
0.892
0.904
0.902
0.901
0.914
0.896
0.906
0.916
0.916
0.909
0.912
0.908
0.910
0.910
0.914
0.910
0.913
0.917
0.924
0.929
0.900
0.921
0.926
0.918
0.923
0.936
0.920
0.936
0.922
0.920
0.930
0.934
0.925
0.929
0.931
0.923
0.924
0.925
0.931
0.933
0.940
0.929
0.938
0.941
0.932
0.945
0.946
0.947
0.955
0.954
0.950
0.950
0.956
0.955
0.955
0.961
0.960
0.955
0.961
0.959
0.965
0.974
0.964
0.968
0.982
0.969
0.975
0.981
0.992
0.991
0.991
0.980
0.985
0.993
0.996
0.993
0.996
1.007
0.997
0.000
0.000
0.000
0.000
0.000
0.000
0.000
0.000
0.000
0.000
0.000
0.000
0.000
0.000
0.000
0.000
0.000
0.000
0.000
0.000
0.000
0.000
0.000
0.000
0.000
0.000
0.000
0.000
0.000
0.000
0.000
0.000
0.000
0.000
0.000
0.000
0.000
0.000
0.000
0.000
0.000
0.000
0.000
0.000
0.000
0.000
0.000
0.000
0.000
1.185
1.192
1.196
1.210
1.199
1.205
1.221
1.202
1.211
1.160
1.066
1.047
1.032
1.024
0.971
0.952
0.942
0.941
0.932
1.006
0.970
0.915
0.930
0.927
0.947
0.939
0.946
1.004
1.041
0.939
0.927
0.947
0.947
0.953
0.945
0.946
0.943
0.954
0.962
0.972
0.989
0.982
1.001
0.987
0.995
0.991
0.995
0.998
1.026
0.000
1.005
1.010
1.013
1.000
1.026
1.020
0.905
1.007
0.930
1.010
0.988
0.909
0.953
0.929
0.977
0.964
1.457
1.027
0.953
0.993
0.975
0.910
0.000
0.883
0.999
0.935
1.008
0.976
0.000
0.973
  nan
  nan
  nan
  nan
  nan
  nan
  inf
  inf
  nan
  nan
  nan
  inf
  nan
  nan
  nan
  nan
  nan
  nan
  nan
  inf
  inf
  nan
  nan
  nan
  nan
  nan
  nan
  nan
  nan
  nan
  inf
  nan
  nan
  nan
  nan
  nan
  nan
  nan
  nan
  nan
  nan
  nan
  inf
  nan
  nan
  nan
  nan
  nan
  nan
  nan
  nan
  nan
  nan
  inf
  nan
  nan
  nan
  nan
  nan
  nan
  nan
  nan
  nan
  nan
  nan
  nan
  inf
  nan
  nan
  nan
  nan
  nan
  nan
  nan
  nan
  inf
  nan
  nan
  inf
  nan
  nan
  inf
  nan
  nan
  nan
  nan
  nan
  nan
  nan
  nan
  nan
  nan
  nan
  nan
  nan
  nan
  nan
  nan
  nan
  nan
  nan
  inf
  nan
  nan
  inf
  nan
  nan
  nan
  nan
  nan
  nan
  nan
  nan
  nan
  nan
  nan
  nan
  nan
  nan
  nan
  nan
  nan
  nan
  nan
  nan
  nan
  nan
  inf
  nan
  nan
  nan
  nan
  nan
  nan
  nan
  nan
  nan
  nan
  nan
  nan
  nan
  nan
  nan
  nan
  nan
  nan
  nan
  nan
  nan
  nan
  nan
  nan
  nan
  nan
  inf
  nan
  nan
  nan
  nan
  nan
  inf
  nan
  nan
  nan
  nan
  inf
  nan
  nan
  nan
  inf
  inf
  nan
  inf
  nan
  inf
  inf
  nan
  nan
  nan
  nan
  nan
  nan
  nan
  nan
  nan
  nan
  nan
  inf
  nan
  nan
  inf
  inf
  nan
  nan
  nan
  nan
  nan
  nan
  nan
  nan
  nan
  nan
  inf
  inf
  nan
  nan
  nan
  nan
  nan
  nan
  nan
  nan
  nan
  nan
  nan
  nan
  nan
  nan
  nan
  nan
  inf
  nan
  nan
  nan
  nan
  nan
  nan
  nan
  nan
  nan
  nan
  nan
  nan
  nan
  nan
  nan
  nan
  nan
  nan
  nan
  nan
  nan
  nan
  nan
  nan
  nan
  nan
  nan
  nan
  nan
  nan
  nan
  nan
  nan
  nan
  nan
  nan
  nan
  nan
  nan
  nan
  nan
  nan
  nan
  nan
  nan
  nan
  nan
  nan
  nan
  nan
  nan
  nan
  nan
  nan
  nan
  nan
  nan
  nan
  nan
  nan
  nan
  nan
  nan
  nan
  nan
  nan
  nan
  nan
  inf
  inf
  nan
  nan
  nan
  nan
  nan
  nan
  nan
  nan
  nan
  nan
  nan
  nan
  nan
  nan
  nan
  nan
  nan
  nan
  inf
  nan
  nan
  nan
  nan
  nan
  nan
  nan
  nan
  nan
  nan
  nan
  nan
  nan
  nan
  nan
  nan
  nan
  nan
  nan
  nan
  nan
  nan
  nan
  nan
  nan
  nan
  nan
  inf
  nan
  nan
  nan
  nan
  nan
  nan
  nan
  nan
  nan
  nan
  nan
  nan
  nan
  nan
  nan
  nan
  nan
  nan
  nan
  nan
  inf
  nan
  nan
  nan
  inf
  nan
  nan
  nan
  nan
  nan
  nan
  nan
  inf
  nan
  nan
  nan
  nan
  nan
  nan
  nan
  nan
  nan
  nan
  nan
  nan
  inf
  nan
  inf
  nan
  nan
  nan
  nan
  nan
  nan
  nan
  nan
  nan
  inf
  nan
  nan
  nan
  nan
  inf
  nan
  nan
  inf
  nan
  nan
  nan
  nan
  nan
  nan
  nan
  nan
  nan
  nan
  nan
  nan
  nan
  nan
  nan
  nan
  nan
  nan
  nan
  inf
  inf
  nan
  nan
  nan
  nan
  nan
  nan
  nan
  nan
  nan
  nan
  nan
  nan
  nan
  inf
  inf
  nan
  nan
  inf
  nan
  nan
  nan
  nan
  nan
  nan
  nan
  nan
  nan
  nan
  nan
  nan
  nan
  nan
  nan
  nan
  nan
  nan
  nan
  nan
  nan
  nan
  nan
  nan
  nan
  inf
  nan
  nan
  nan
  nan
  nan
  nan
  nan
  nan
  nan
  nan
  nan
  nan
  nan
  nan
  inf
  nan
  nan
  nan
  nan
  nan
  nan
  nan
  nan
  nan
  nan
  nan
  nan
  nan
  nan
  inf
  nan
  nan
  nan
  inf
  nan
  inf
  nan
  nan
  nan
  nan
  nan
  nan
  nan
  inf
  nan
  inf
  nan
  nan
  nan
  nan
  nan
  nan
  nan
  inf
  inf
  nan
  nan
  nan
  nan
  inf
  nan
  nan
  nan
  nan
  nan
  inf
  nan
  nan
  nan
  nan
  nan
  nan
  nan
  nan
  inf
  nan
  nan
  nan
  nan
  nan
  nan
  nan
  inf
  nan
  nan
  nan
  nan
  nan
  nan
  nan
  nan
  nan
  nan
  nan
  nan
  nan
  nan
  nan
  nan
  nan
  nan
  nan
  nan
  nan
  nan
  nan
  nan
  nan
  nan
  nan
  nan
  nan
  nan
  nan
  nan
  nan
  nan
  nan
  nan
  nan
  nan
  nan
  nan
  nan
  nan
  nan
  nan
  nan
  nan
  nan
  nan
  nan
  nan
  nan
  nan
  nan
  nan
  nan
  nan
  nan
  nan
  nan
  nan
  nan
  nan
  nan
  nan
  nan
  nan
  nan
  nan
  nan
  nan
  nan
  nan
  nan
  nan
  nan
  nan
  nan
  nan
  nan
  nan
  nan
  nan
  nan
  nan
  nan
  inf
  nan
  nan
  nan
  nan
  inf
  inf
  nan
  nan
  nan
  nan
  nan
  nan
  nan
  nan
  nan
  nan
  nan
  nan
  nan
  inf
  inf
  nan
  nan
  nan
  nan
  nan
  nan
  nan
  inf
  nan
  nan
  nan
  nan
  nan
  inf
  nan
  nan
  nan
  nan
  nan
  nan
  nan
  nan
  nan
  nan
  nan
  nan
  nan
  nan
  nan
  nan
  nan
  nan
  nan
  nan
  nan
  nan
  nan
  nan
  nan
  nan
  nan
  nan
  nan
  nan
  nan
  nan
  nan
  nan
  nan
  inf
  nan
  nan
  inf
  nan
  inf
  nan
  nan
  nan
  nan
  nan
  nan
  inf
  nan
  nan
  nan
  inf
  inf
  nan
  nan
  nan
  inf
  inf
  inf
  nan
  nan
  nan
  nan
  nan
  nan
  nan
  nan
  nan
  nan
  inf
  nan
  nan
  inf
  inf
  nan
  nan
  nan
  nan
  nan
  inf
  nan
  nan
  inf
  nan
  nan
  inf
  inf
  inf
  nan
  nan
  nan
  inf
  nan
  nan
  inf
  inf
  nan
  nan
  nan
  inf
  nan
  inf
  nan
  nan
  nan
  inf
  nan
  nan
  inf
  nan
  nan
  nan
  nan
  inf
  inf
  inf
  nan
  nan
  nan
  nan
  nan
  inf
  nan
  nan
  nan
  nan
  nan
  inf
  nan
  nan
  nan
  nan
  nan
  nan
  nan
  nan
  inf
  nan
  nan
  nan
  nan
  nan
  inf
  nan
  nan
  inf
  nan
  nan
  nan
  nan
  nan
  inf
  nan
  nan
  inf
  nan
  nan
  nan
  nan
  nan
  nan
  inf
  nan
  inf
  inf
  nan
  nan
  nan
  nan
  nan
  inf
  nan
  nan
  nan
  nan
  inf
  nan
  nan
  nan
  nan
  nan
  nan
  nan
  nan
  nan
  inf
  inf
  inf
  inf
  nan
  nan
  nan
  inf
  nan
  nan
  nan
  nan
  nan
  inf
  nan
  inf
  nan
  nan
  nan
  nan
  nan
  nan
  inf
  inf
  nan
  nan
  nan
  inf
  inf
  nan
  nan
  inf
  nan
  nan
  nan
  nan
  inf
  inf
  inf
  nan
  inf
  inf
  inf
  nan
  nan
  nan
  inf
  nan
  nan
  nan
  inf
  nan
  inf
  nan
  nan
  inf
  nan
  inf
  nan
  nan
  inf
  nan
  inf
  nan
  inf
  nan
  inf
  inf
  nan
  nan
  nan
  nan
  nan
  nan
  nan
  nan
  nan
  nan
  nan
  nan
  nan
  nan
  nan
  nan
  nan
  nan
  nan
  nan
  nan
  nan
  nan
  nan
  nan
  nan
  nan
  nan
  nan
  nan
  nan
  nan
  nan
  nan
  nan
  nan
  nan
  nan
  nan
  nan
  nan
  nan
  nan
  nan
  nan
  nan
  nan
  nan
  nan
  nan
  nan
  nan
  nan
  nan
  inf
  inf
  nan
  nan
  nan
  nan
  nan
  nan
  nan
  nan
  nan
  nan
  nan
  nan
  nan
  inf
  inf
  nan
  nan
  nan
  inf
  nan
  nan
  nan
  nan
  nan
  nan
  nan
  nan
  nan
  nan
  nan
  nan
  nan
  inf
  nan
  nan
  nan
  nan
  nan
  inf
  nan
  nan
  nan
  nan
  nan
  nan
  nan
  nan
  nan
  nan
  inf
  nan
  nan
  nan
  nan
  nan
  nan
  nan
  nan
  nan
  nan
  nan
  inf
  nan
  nan
  nan
  nan
  nan
  nan
  nan
  nan
  nan
  nan
  nan
  inf
  nan
  nan
  nan
  nan
  nan
  nan
  nan
  nan
  nan
  inf
  nan
  nan
  nan
  nan
  nan
  nan
  nan
  nan
  inf
  nan
  nan
  nan
  nan
  nan
  inf
  inf
  nan
  nan
  nan
  inf
  nan
  nan
  nan
  inf
  inf
  nan
  nan
  nan
  nan
  inf
  nan
  nan
  nan
  nan
  inf
  inf
  nan
  nan
  nan
  inf
  nan
  nan
  nan
  nan
  inf
  nan
  nan
  nan
  nan
  nan
  nan
  nan
  nan
  nan
  inf
  nan
  nan
  nan
  inf
  nan
  nan
  nan
  nan
  inf
  inf
  nan
  nan
  inf
  nan
  nan
  nan
  nan
  nan
  inf
  nan
  nan
  nan
  nan
  nan
  nan
  nan
  nan
  nan
  nan
  nan
  nan
  nan
  inf
  nan
  nan
  nan
  nan
  nan
  nan
  nan
  nan
  inf
  inf
  nan
  inf
  nan
  inf
  nan
  nan
  inf
  inf
  nan
  nan
  nan
  inf
  nan
  nan
  inf
  nan
  nan
  nan
  inf
  nan
  nan
  nan
  nan
  nan
  nan
  nan
  nan
  nan
  inf
  nan
  inf
  nan
  nan
  nan
  nan
  nan
  nan
  nan
  nan
  nan
  nan
  nan
  nan
  nan
  nan
  nan
  nan
  nan
  nan
  nan
  nan
  nan
  nan
  inf
  inf
  nan
  nan
  nan
  nan
  nan
  inf
  nan
  nan
  inf
  nan
  nan
  nan
  inf
  nan
  inf
  inf
  nan
  nan
  nan
  nan
  inf
  nan
  nan
  nan
  nan
  nan
  nan
  nan
  nan
  inf
  inf
  nan
  nan
  nan
  nan
  nan
  nan
  nan
  nan
  nan
  inf
  nan
  nan
  nan
  nan
  inf
  nan
  nan
  inf
  inf
  nan
  nan
  nan
  inf
  nan
  nan
  nan
  nan
  nan
  nan
  nan
  nan
  nan
  nan
  nan
  nan
  nan
  nan
  nan
  nan
  nan
  nan
  nan
  nan
  nan
  nan
  nan
  nan
  nan
  nan
  nan
  nan
  nan
  nan
  nan
  nan
  nan
  nan
  nan
  nan
  nan
  nan
  nan
  nan
  nan
  nan
  nan
  nan
  nan
  nan
  nan
  nan
  nan
  nan
  nan
  nan
  nan
  nan
  nan
  nan
  nan
  nan
  nan
  nan
  nan
  nan
  nan
  nan
  nan
  nan
  nan
  inf
  nan
  nan
  nan
  inf
  nan
  nan
  nan
  inf
  inf
  nan
  nan
  nan
  nan
  inf
  nan
  nan
  nan
  nan
  nan
  nan
  nan
  nan
  inf
  nan
  nan
  nan
  nan
  nan
  nan
  nan
  nan
  nan
  nan
  nan
  nan
  inf
  nan
  nan
  nan
  nan
  nan
  nan
  nan
  nan
  nan
  nan
  inf
  nan
  nan
  nan
  inf
  nan
  nan
  nan
  nan
  nan
  nan
  nan
  nan
  inf
  nan
  inf
  nan
  nan
  nan
  nan
  nan
  nan
  inf
  nan
  nan
  nan
  nan
  nan
  nan
  nan
  nan
  nan
  nan
  inf
  inf
  inf
  inf
  nan
  nan
  inf
  inf
  nan
  nan
  nan
  nan
  inf
  inf
  inf
  inf
  nan
  inf
  nan
  inf
  nan
  nan
  nan
  nan
  nan
  nan
  inf
  nan
  nan
  nan
  inf
  nan
  nan
  inf
  nan
  nan
  inf
  nan
  nan
  nan
  nan
  inf
  inf
  nan
  nan
  nan
  nan
  nan
  nan
  nan
  nan
  nan
  inf
  inf
  nan
  nan
  nan
  nan
  nan
  nan
  nan
  nan
  nan
  nan
  nan
  inf
  nan
  nan
  nan
  nan
  nan
  inf
  nan
  inf
  inf
  nan
  nan
  inf
  nan
  nan
  inf
  inf
  nan
  inf
  nan
  nan
  nan
  nan
  nan
  inf
  inf
  nan
  nan
  inf
  nan
  inf
  nan
  nan
  inf
  nan
  inf
  nan
  nan
  inf
  nan
  nan
  nan
  nan
  nan
  nan
  nan
  nan
  nan
  nan
  nan
  nan
  nan
  nan
  inf
  inf
  nan
  nan
  nan
  inf
  nan
  nan
  nan
  nan
  nan
  nan
  nan
  nan
  nan
  nan
  nan
  nan
  nan
  nan
  nan
  nan
  nan
  nan
  nan
  inf
  inf
  nan
  nan
  nan
  nan
  nan
  nan
  inf
  nan
  nan
  nan
  nan
  nan
  inf
  nan
  nan
  nan
  nan
  nan
  nan
  nan
  nan
  nan
  inf
  nan
  inf
  nan
  nan
  nan
  nan
  nan
  nan
  inf
  nan
  nan
  nan
  nan
  nan
  inf
  nan
  inf
  nan
  nan
  inf
  nan
  nan
  nan
  nan
  inf
  nan
  nan
  inf
  nan
  nan
  inf
  nan
  nan
  inf
  nan
  inf
  nan
  nan
  nan
  nan
  nan
  nan
  nan
  nan
  nan
  nan
  nan
  inf
  nan
  nan
  nan
  nan
  nan
  nan
  nan
  nan
  nan
  nan
  nan
  nan
  nan
  nan
  nan
  nan
  nan
  nan
  nan
  nan
  nan
  nan
  nan
  nan
  nan
  nan
  nan
  nan
  nan
  nan
  nan
  nan
  nan
  nan
  nan
  nan
  nan
  nan
  nan
  nan
  nan
  nan
  nan
  nan
  nan
  nan
  nan
  nan
  nan
  nan
  nan
  inf
  inf
  nan
  nan
  nan
  inf
  nan
  nan
  nan
  nan
  nan
  nan
  nan
  nan
  inf
  inf
  inf
  nan
  nan
  nan
  inf
  nan
  nan
  nan
  nan
  nan
  nan
  nan
  nan
  nan
  nan
  inf
  nan
  nan
  nan
  inf
  nan
  nan
  nan
  nan
  nan
  nan
  inf
  nan
  nan
  nan
  nan
  nan
  nan
  nan
  nan
  nan
  nan
  nan
  nan
  nan
  nan
  nan
  nan
  nan
  inf
  nan
  nan
  nan
  nan
  nan
  inf
  nan
  inf
  nan
  nan
  nan
  nan
  nan
  nan
  nan
  nan
  nan
0.000
0.000
0.095
0.000
0.073
0.000
0.207
0.000
0.000
0.047
0.000
0.000
0.000
0.000
0.000
0.000
0.000
0.000
0.121
0.000
0.073
0.000
0.000
0.052
0.076
0.000
0.000
0.000
0.191
0.000
0.000
0.000
0.000
0.000
0.068
0.000
0.072
0.074
0.000
0.000
0.000
0.000
0.000
0.000
0.075
0.000
0.000
0.000
0.000
0.000
0.000
0.000
0.000
0.000
0.000
0.000
0.000
0.000
0.000
0.152
0.000
0.000
0.000
0.118
0.000
0.120
0.000
0.000
0.164
0.099
0.115
0.000
0.118
0.130
0.000
0.000
0.000
0.000
0.000
0.000
0.000
0.000
0.000
0.000
0.000
0.709
0.156
0.147
0.000
0.146
0.000
0.000
0.000
0.000
0.300
0.183
0.000
0.000
0.000
0.000
0.000
0.000
0.000
0.000
0.000
0.172
0.000
0.000
0.000
0.000
0.000
0.168
0.554
0.000
0.000
0.000
0.000
0.000
0.199
0.000
0.000
0.000
0.247
0.000
0.000
0.241
0.323
0.000
0.000
0.239
0.000
0.000
0.255
0.000
0.000
0.254
0.356
0.000
0.000
0.000
0.000
0.000
0.000
0.000
0.000
0.000
0.000
0.000
0.000
0.000
0.000
0.000
0.000
0.000
0.000
0.276
0.000
0.000
0.000
0.000
0.000
0.000
0.000
0.000
0.000
0.000
0.000
0.000
0.000
0.000
0.000
0.000
0.000
0.000
0.337
47.834
0.000
0.000
0.000
0.324
0.000
0.000
0.000
0.000
0.000
0.000
0.000
0.000
0.000
0.354
1.395
0.000
0.000
0.331
0.000
0.000
0.000
0.000
0.000
0.000
0.000
0.000
0.419
0.000
0.000
0.000
0.000
0.000
0.000
0.000
0.000
0.000
0.000
0.000
0.000
0.000
0.400
0.000
0.000
0.000
0.000
0.000
0.000
0.462
0.000
0.000
0.000
0.000
0.000
0.000
0.000
0.000
0.000
0.000
0.000
0.000
0.000
0.000
0.000
0.000
0.000
0.000
0.000
0.000
0.000
0.000
0.000
0.000
0.000
0.000
0.000
0.000
0.000
0.000
0.000
0.000
0.000
0.000
0.000
0.000
0.000
0.000
0.000
0.000
0.000
0.000
0.000
0.000
0.000
0.000
0.000
0.000
0.000
0.000
0.000
0.000
0.000
0.000
0.774
0.946
0.000
0.000
0.000
0.000
0.000
0.564
0.825
0.000
0.000
30.912
27.321
0.000
0.000
0.000
0.000
0.000
0.000
0.000
0.000
0.000
0.000
0.000
0.000
1.133
0.637
0.000
0.000
1.045
0.000
0.000
0.000
0.000
0.000
0.000
0.862
1.176
0.000
0.000
0.000
0.000
0.997
0.000
0.000
0.000
0.000
0.715
1.000
0.000
0.000
0.000
0.000
0.000
0.000
0.000
0.000
0.000
0.000
0.000
0.000
0.000
0.000
1.006
0.000
0.000
0.000
0.000
0.000
0.000
0.000
0.000
0.000
0.000
0.000
  nan
  nan
  inf
  nan
  nan
  nan
  nan
  nan
  nan
  nan
  nan
  nan
  nan
  nan
  nan
  nan
  nan
  nan
  inf
  nan
  nan
  nan
  nan
  nan
  nan
  inf
  inf
  nan
  inf
  nan
  nan
  nan
  nan
  nan
  nan
  nan
  inf
  inf
  nan
  inf
  nan
  nan
  nan
  nan
  nan
  nan
  nan
  nan
  nan
  inf
  nan
  nan
  nan
  nan
  nan
  nan
  nan
  nan
  inf
  nan
  nan
  nan
  nan
  inf
  inf
  nan
  nan
  nan
  inf
  nan
  nan
  nan
  nan
  nan
  nan
  nan
  inf
  inf
  nan
  nan
  nan
  nan
  nan
  nan
  nan
  nan
  nan
  inf
  nan
  nan
  nan
  nan
  nan
  nan
  nan
  nan
  nan
  nan
  nan
  nan
  nan
  inf
  nan
  nan
  nan
  nan
  nan
  nan
  nan
  nan
  nan
  nan
  nan
  nan
  nan
  nan
  nan
  nan
  nan
  nan
  inf
  nan
  nan
  inf
  inf
  nan
  nan
  nan
  nan
  nan
  nan
  nan
  nan
  nan
  nan
  nan
  nan
  nan
  nan
  nan
  nan
  inf
  nan
  nan
  nan
  nan
  inf
  nan
  inf
  inf
  nan
  nan
  nan
  inf
  nan
  nan
  inf
  inf
  nan
  nan
  nan
  nan
  nan
  nan
  inf
  nan
  nan
  nan
  inf
  inf
  nan
  nan
  nan
  nan
  inf
  inf
  nan
  nan
  inf
  inf
  inf
  nan
  nan
  nan
  inf
  inf
  nan
  inf
  inf
  inf
  inf
  nan
  nan
  nan
  inf
  nan
  nan
  nan
  inf
  inf
  nan
  nan
  nan
  nan
  nan
  nan
  nan
  nan
  nan
  inf
  nan
  nan
  nan
  nan
  nan
  nan
  nan
  nan
  nan
  nan
  nan
  nan
  inf
  nan
  nan
  nan
  nan
  nan
  nan
  nan
  nan
  nan
  nan
  nan
  nan
  nan
  nan
  nan
  nan
  nan
  nan
  nan
  nan
  nan
  nan
  nan
  nan
  nan
  nan
  nan
  nan
  nan
  nan
  nan
  nan
  nan
  nan
  nan
  nan
  nan
  nan
  nan
  nan
  nan
  nan
  nan
  nan
  nan
  nan
  nan
  nan
  nan
  nan
  nan
  nan
  nan
  nan
  nan
  nan
  nan
  nan
  nan
  nan
  nan
  nan
  nan
  nan
  nan
  inf
  inf
  inf
  inf
  inf
  inf
  nan
  nan
  nan
  nan
  nan
  inf
  nan
  nan
  nan
  nan
  nan
  nan
  nan
  nan
  nan
  inf
  inf
  nan
  nan
  nan
  nan
  nan
  nan
  inf
  nan
  nan
  nan
  nan
  nan
  nan
  nan
  nan
  nan
  nan
  nan
  nan
  nan
  nan
  nan
  nan
  nan
  nan
  inf
  nan
  nan
  nan
  nan
  inf
  nan
  nan
  nan
  nan
  nan
  nan
  nan
  nan
  nan
  nan
  nan
  nan
  nan
  nan
  nan
  nan
  nan
  nan
  nan
  nan
  nan
  nan
  nan
  nan
  nan
  nan
  nan
  nan
  nan
  nan
  nan
  inf
  nan
  nan
  inf
  inf
  inf
  inf
  nan
  nan
  inf
  inf
  inf
  inf
  inf
  inf
  nan
  inf
  inf
  nan
  nan
  nan
  inf
  nan
  nan
  nan
  nan
  nan
  nan
  nan
  nan
  nan
  nan
  nan
  nan
  nan
  nan
  nan
  nan
  nan
  nan
  nan
  nan
  nan
  nan
  inf
  nan
  inf
  inf
  nan
  inf
  nan
  nan
  inf
  nan
  nan
  nan
  nan
  nan
  nan
  nan
  inf
  nan
  nan
  inf
  nan
  inf
  inf
  nan
  nan
  nan
  nan
  nan
  inf
  inf
  nan
  nan
  nan
  nan
  inf
  inf
  inf
  nan
  inf
  inf
  nan
  inf
  nan
  nan
  nan
  nan
  nan
  nan
  inf
  nan
  nan
  nan
  nan
  nan
  nan
  nan
  nan
  nan
  inf
  nan
  nan
  nan
  nan
  nan
  nan
  inf
  nan
  nan
  nan
  nan
  nan
  nan
  nan
  nan
  nan
  nan
  nan
  nan
  inf
  nan
  nan
  nan
  nan
  inf
  nan
  nan
  nan
  nan
  inf
  nan
  nan
  nan
  nan
  nan
  nan
  nan
  nan
  nan
  nan
  nan
  nan
  nan
  inf
  nan
  nan
  nan
  inf
  nan
  nan
  inf
  nan
  inf
  nan
  inf
  nan
  nan
  nan
  inf
  nan
  nan
  nan
  nan
  nan
  nan
  nan
  nan
  inf
  nan
  nan
  nan
  inf
  nan
  nan
  nan
  nan
  nan
  nan
  nan
  nan
  inf
  nan
  nan
  nan
  inf
  nan
  inf
  nan
  inf
  nan
  inf
  nan
  nan
  nan
  nan
  nan
  nan
  nan
  nan
  nan
  inf
  nan
  nan
  nan
  nan
  nan
  nan
  nan
  nan
  nan
  nan
  nan
  nan
  nan
  nan
  nan
  nan
  nan
  nan
  nan
  nan
  nan
  nan
  nan
  nan
  nan
  nan
  nan
  nan
  nan
  nan
  nan
  nan
  nan
  nan
  nan
  nan
  nan
  nan
  nan
  nan
  nan
  nan
  nan
  nan
  nan
  nan
  nan
  nan
  nan
  nan
  inf
  nan
  nan
  nan
  nan
  nan
  nan
  nan
  nan
  inf
  nan
  nan
  nan
  nan
  nan
  inf
  inf
  inf
  nan
  nan
  nan
  inf
  inf
  inf
  inf
  inf
  inf
  nan
  nan
  nan
  nan
  nan
  nan
  nan
  nan
  nan
  nan
  nan
  nan
  nan
  inf
  nan
  nan
  nan
  inf
  inf
  nan
  nan
  nan
  inf
  nan
  nan
  nan
  nan
  inf
  nan
  nan
  nan
  nan
  nan
  nan
  nan
  nan
  nan
  nan
  nan
  nan
  nan
  nan
  nan
  nan
  nan
  nan
  nan
  nan
  nan
  nan
  nan
  nan
  nan
  nan
  nan
  nan
  nan
  nan
  nan
  nan
  inf
  inf
  nan
  inf
  nan
  nan
  nan
  nan
  inf
  inf
  nan
  nan
  nan
  nan
  nan
  nan
  nan
  inf
  nan
  nan
  nan
  nan
  nan
  nan
  nan
  inf
  nan
  nan
  nan
  nan
  nan
  nan
  nan
  nan
  inf
  nan
  nan
  nan
  nan
  nan
  nan
  nan
  nan
  nan
  inf
  nan
  nan
  nan
  nan
  nan
  inf
  nan
  nan
  nan
  nan
  nan
  nan
  nan
  inf
  nan
  nan
  nan
  nan
  inf
  nan
  nan
  nan
  nan
  nan
  inf
  nan
  nan
  inf
  nan
  inf
  nan
  nan
  inf
  inf
  nan
  nan
  nan
  nan
  inf
  inf
  nan
  nan
  nan
  inf
  nan
  nan
  nan
  inf
  nan
  nan
  nan
  nan
  nan
  nan
  nan
  nan
  nan
  inf
  nan
  nan
  nan
  nan
  nan
  nan
  inf
  inf
  nan
  nan
  inf
  inf
  nan
  nan
  nan
  nan
  nan
  nan
  inf
  nan
  inf
  nan
  nan
  nan
  nan
  nan
  nan
  nan
  nan
  nan
  nan
  nan
  nan
  nan
  nan
  nan
  nan
  nan
  inf
  nan
  nan
  nan
  inf
  nan
  nan
  nan
  nan
  nan
  nan
  nan
  inf
  nan
  nan
  nan
  nan
  nan
  nan
  nan
  inf
  nan
  nan
  nan
  inf
  inf
  inf
  nan
  nan
  nan
  nan
  inf
  nan
  nan
  nan
  inf
  nan
  nan
  nan
  inf
  inf
  inf
  nan
  nan
  nan
  nan
  nan
  nan
  nan
  nan
  inf
  nan
  nan
  nan
  nan
  nan
  inf
  nan
  nan
  nan
  nan
  nan
  nan
  nan
  nan
  nan
  nan
  inf
  nan
  nan
  nan
  nan
  nan
  nan
  nan
  nan
  nan
  nan
  nan
  nan
  nan
  nan
  nan
  nan
  nan
  nan
  nan
  nan
  nan
  nan
  nan
  nan
  nan
  nan
  nan
  nan
  nan
  nan
  nan
  nan
  nan
  nan
  nan
  nan
  nan
  nan
  nan
  nan
  nan
  nan
  nan
  nan
  nan
  nan
  nan
  nan
  nan
  nan
  nan
  nan
  nan
  nan
  nan
  nan
  nan
  inf
  nan
  nan
  nan
  nan
  nan
  nan
  nan
  nan
  nan
  nan
  inf
  nan
  inf
  inf
  inf
  inf
  nan
  nan
  nan
  nan
  inf
  nan
  inf
  nan
  nan
  nan
  nan
  inf
  nan
  nan
  nan
  nan
  nan
  nan
  inf
  nan
  nan
  nan
  nan
  nan
  inf
  inf
  inf
  nan
  nan
  nan
  nan
  nan
  nan
  inf
  nan
  nan
  nan
  nan
  nan
  nan
  nan
  nan
  nan
  nan
  nan
  nan
  nan
  nan
  nan
  nan
  nan
  nan
  nan
  nan
  nan
  nan
  nan
  nan
  nan
  inf
  nan
  nan
  nan
  nan
  nan
  nan
  nan
  nan
  inf
  nan
  nan
  inf
  nan
  inf
  nan
  nan
  nan
  nan
  nan
  nan
  nan
  nan
  nan
  nan
  nan
  nan
  nan
  inf
  nan
  nan
  inf
  inf
  inf
  nan
  nan
  nan
  inf
  nan
  nan
  nan
  nan
  nan
  nan
  nan
  nan
  inf
  nan
  nan
  nan
  nan
  nan
  nan
  nan
  nan
  nan
  nan
  nan
  nan
  nan
  inf
  nan
  nan
  inf
  inf
  nan
  nan
  nan
  inf
  nan
  nan
  nan
  inf
  inf
  nan
  nan
  nan
  nan
  nan
  nan
  inf
  nan
  nan
  inf
  nan
  inf
  inf
  nan
  nan
  nan
  nan
  nan
  nan
  nan
  nan
  inf
  nan
  nan
  nan
  nan
  nan
  nan
  nan
  nan
  nan
  nan
  inf
  nan
  inf
  nan
  nan
  inf
  nan
  nan
  inf
  inf
  nan
  inf
  nan
  nan
  inf
  nan
  nan
  nan
  nan
  nan
  inf
  nan
  nan
  nan
  inf
  nan
  nan
  nan
  nan
  nan
  nan
  nan
  nan
  nan
  inf
  inf
  nan
  nan
  nan
  nan
  nan
  nan
  nan
  nan
  nan
  nan
  inf
  inf
  nan
  nan
  nan
  nan
  nan
  nan
  nan
  inf
  nan
  inf
  inf
  nan
  nan
  nan
  nan
  inf
  inf
  inf
  inf
  inf
  nan
  nan
  inf
  inf
  inf
  inf
  inf
  inf
  inf
  inf
  nan
  nan
  nan
  nan
  nan
  nan
  nan
  nan
  inf
  inf
  nan
  nan
  nan
  nan
  nan
  nan
  nan
  nan
  inf
  nan
  nan
  inf
  nan
  nan
  inf
  nan
  nan
  nan
  nan
  nan
  inf
  inf
  nan
  nan
  nan
  nan
  nan
  nan
  nan
  nan
  nan
  nan
  nan
  nan
  nan
  nan
  nan
  nan
  nan
  nan
  nan
  nan
  nan
  nan
  nan
  nan
  nan
  nan
  nan
  nan
  nan
  nan
  nan
  nan
  nan
  nan
  nan
  nan
  nan
  nan
  nan
  nan
  nan
  nan
  nan
  nan
  nan
  nan
  nan
  nan
  nan
  nan
  nan
  nan
  nan
  nan
  nan
  nan
  nan
  nan
  nan
  nan
  nan
  nan
  nan
  nan
  inf
  nan
  nan
  nan
  nan
  nan
  nan
  nan
  inf
  inf
  nan
  nan
  inf
  inf
  nan
  inf
  nan
  nan
  inf
  nan
  nan
  nan
  nan
  nan
  nan
  nan
  nan
  nan
  nan
  nan
  inf
  nan
  nan
  nan
  nan
  nan
  nan
  nan
  nan
  nan
  nan
  nan
  inf
  nan
  nan
  nan
  nan
  nan
  nan
  nan
  nan
  inf
  nan
  nan
  nan
  nan
  nan
  nan
  nan
  nan
  nan
  nan
  nan
  nan
  nan
  nan
  inf
  nan
  nan
  nan
  inf
  nan
  nan
  nan
  nan
  nan
  nan
  nan
  nan
  nan
  nan
  nan
  nan
  nan
  nan
  nan
  nan
  nan
  nan
  nan
  nan
  nan
  nan
  nan
  nan
  nan
  nan
  nan
  nan
  nan
  nan
  inf
  inf
  nan
  nan
  nan
  nan
  nan
  nan
  inf
  inf
  nan
  nan
  inf
  inf
  nan
  nan
  nan
  nan
  inf
  nan
  nan
  nan
  nan
  nan
  nan
  nan
  inf
  nan
  nan
  nan
  nan
  nan
  nan
  nan
  inf
  inf
  inf
  nan
  nan
  inf
  nan
  nan
  nan
  nan
  nan
  nan
  nan
  nan
  nan
  nan
  nan
  nan
  nan
  nan
  inf
  inf
  nan
  nan
  inf
  nan
  inf
  nan
  inf
  inf
  nan
  nan
  nan
  nan
  nan
  nan
  nan
  nan
  nan
  nan
  nan
  nan
  inf
  nan
  nan
  nan
  nan
  inf
  nan
  inf
  nan
  nan
  nan
  inf
  nan
  nan
  nan
  nan
  nan
  nan
  nan
  nan
  nan
  inf
  nan
  nan
  nan
  nan
  nan
  nan
  nan
  inf
  nan
  nan
  nan
  inf
  nan
  nan
  inf
  nan
  nan
  inf
  nan
  nan
  nan
  nan
  nan
  nan
  nan
  nan
  nan
  nan
  nan
  nan
  nan
  nan
  nan
  nan
  nan
  nan
  nan
  nan
  nan
  inf
  inf
  nan
  inf
  inf
  nan
  nan
  nan
  nan
  nan
  nan
  nan
  inf
  inf
  nan
  nan
  nan
  nan
  nan
  nan
  nan
  nan
  nan
  nan
  nan
  nan
  nan
  inf
  inf
  nan
  inf
  nan
  nan
  nan
  nan
  nan
  nan
  nan
  nan
  nan
  nan
  inf
  inf
  nan
  nan
  nan
  nan
  nan
  nan
  nan
  nan
  nan
  nan
  nan
  nan
  nan
  nan
  nan
  nan
  nan
  nan
  nan
  nan
  nan
  nan
  nan
  nan
  nan
  nan
  nan
  nan
  nan
  nan
  nan
  nan
  nan
  nan
  nan
  nan
  nan
  nan
  nan
  nan
  nan
  nan
  nan
  nan
  nan
  nan
  nan
  nan
  nan
  nan
  nan
  nan
  nan
  nan
  nan
  nan
  nan
  nan
  nan
  nan
  nan
  nan
  nan
  nan
  nan
  nan
  nan
  nan
  nan
  nan
  nan
  nan
  inf
  nan
  inf
  nan
  inf
  nan
  nan
  nan
  inf
  nan
  nan
  nan
  inf
  inf
  inf
  nan
  inf
  nan
  inf
  nan
  inf
  nan
  inf
  inf
  nan
  nan
  inf
  inf
  inf
  inf
  nan
  nan
  nan
  inf
  inf
  inf
  nan
  nan
  nan
  nan
  nan
  nan
  nan
  nan
  nan
  nan
  nan
  nan
  inf
  nan
  nan
  nan
  inf
  nan
  nan
  nan
  nan
  nan
  nan
  inf
  inf
  nan
  nan
  nan
  nan
  nan
  inf
  nan
  nan
  nan
  nan
  nan
  nan
  nan
  nan
  nan
  nan
  nan
  nan
  inf
  nan
  nan
  nan
  nan
  nan
  nan
  nan
  nan
  nan
  nan
  inf
  nan
  inf
  inf
  nan
  nan
  nan
  nan
  nan
  nan
  nan
  nan
  inf
  nan
  inf
  inf
  inf
  nan
  nan
  nan
  inf
  nan
  nan
  inf
  inf
  nan
  nan
  nan
  nan
  nan
  nan
  nan
  nan
  nan
  inf
  nan
  nan
  nan
  nan
  nan
  nan
  nan
  nan
  nan
  nan
  nan
  nan
  nan
  nan
  nan
  nan
  nan
  nan
  inf
  nan
  nan
  nan
  inf
  nan
  inf
  nan
  nan
  nan
  nan
  nan
  nan
  nan
  nan
  nan
  nan
  nan
  inf
  inf
  nan
  nan
  nan
  nan
  nan
  nan
  nan
  nan
  inf
  nan
  nan
  inf
  inf
  nan
  nan
  nan
  inf
  nan
  nan
  nan
  nan
  nan
  nan
  nan
  nan
  nan
  inf
  nan
  nan
  nan
  nan
  nan
  nan
  inf
  inf
  nan
  inf
  nan
  nan
  nan
  nan
  nan
  nan
  nan
  nan
  nan
  nan
  nan
  nan
  nan
  nan
  nan
  nan
  nan
  nan
  nan
  nan
  nan
  nan
  nan
  nan
  nan
  nan
  nan
  nan
  nan
  nan
  inf
  inf
  nan
  nan
  inf
  nan
  nan
  nan
  nan
  nan
  nan
  inf
  nan
  nan
  nan
  nan
  nan
  nan
  nan
  nan
  nan
  inf
  nan
  nan
  inf
  nan
  nan
  nan
  nan
  nan
  nan
  nan
  inf
  nan
  nan
  nan
  inf
  nan
  nan
  nan
  nan
  nan
  nan
  nan
  inf
  nan
  nan
  nan
  nan
  nan
  nan
  nan
  nan
  nan
  nan
  inf
  nan
  nan
  nan
  nan
  nan
  nan
  nan
  nan
  nan
  nan
  nan
  nan
  nan
  nan
  nan
  nan
  nan
  nan
  nan
  nan
  nan
  nan
  nan
  nan
  nan
  nan
  nan
  nan
  nan
  nan
  nan
  nan
  nan
  nan
  nan
  nan
  nan
  nan
  nan
  nan
  nan
  nan
  nan
  nan
  nan
  nan
  nan
  nan
  nan
  nan
  nan
  nan
  nan
  nan
  nan
  nan
  nan
  nan
  nan
  nan
  nan
  nan
  nan
  nan
  nan
  nan
  nan
  nan
  nan
  nan
  nan
  nan
  nan
  nan
  nan
  inf
  inf
  nan
  nan
  inf
  inf
  nan
  nan
  nan
  nan
  inf
  nan
  nan
  nan
  nan
  nan
  nan
  nan
  nan
  nan
  inf
  inf
  nan
  nan
  nan
  nan
  inf
  nan
  nan
  inf
  inf
  nan
  nan
  nan
  nan
  nan
  inf
  nan
  nan
  nan
  nan
  nan
  nan
  nan
  nan
  nan
  nan
  inf
  nan
  nan
  nan
  nan
  nan
  nan
  nan
  nan
  nan
  nan
  nan
  nan
  nan
  nan
  nan
  nan
  nan
  nan
  nan
  nan
  nan
  nan
  nan
  nan
  nan
  nan
  nan
  nan
  nan
  inf
  nan
  nan
  nan
  nan
  nan
  nan
  nan
  nan
  nan
  nan
  nan
  nan
  nan
  nan
  inf
  nan
  nan
  nan
  nan
  nan
  nan
  nan
  nan
  nan
  nan
  inf
  nan
  nan
  inf
  nan
  nan
  nan
  nan
  nan
  inf
  nan
  nan
  nan
  nan
  nan
  nan
  nan
  inf
  nan
  nan
  nan
  nan
  nan
  nan
  nan
  nan
  nan
  nan
  nan
  nan
  nan
  nan
  inf
  nan
  nan
  nan
  inf
  nan
  nan
  nan
  inf
  nan
  nan
  nan
  nan
  nan
  nan
  nan
  nan
  nan
  nan
  nan
  nan
  nan
  nan
  nan
  nan
  nan
  nan
  nan
  nan
  nan
  nan
  nan
  nan
  nan
  nan
  nan
  nan
  nan
  nan
  nan
  inf
  nan
  nan
  inf
  nan
  nan
  inf
  nan
  nan
  nan
  inf
  nan
  nan
  nan
  inf
  inf
  nan
  nan
  nan
  inf
  inf
  nan
  nan
  inf
  nan
  nan
  nan
  nan
  nan
  nan
  inf
  nan
  nan
  nan
  nan
  nan
  inf
  nan
  nan
  nan
  nan
  nan
  inf
  nan
  nan
  nan
  nan
  nan
  nan
  nan
  nan
  nan
  nan
  nan
  nan
  nan
  nan
  nan
  inf
  nan
  inf
  nan
  nan
  nan
  nan
  nan
  nan
  inf
  inf
  nan
  nan
  nan
  inf
  nan
  nan
  nan
  inf
  inf
  nan
  nan
  nan
  nan
  inf
  inf
  nan
  nan
  nan
  nan
  nan
  nan
  nan
  nan
  nan
  nan
  nan
  nan
  inf
  nan
  nan
  nan
  inf
  nan
  nan
  nan
  nan
  nan
  nan
  nan
  inf
  nan
  nan
  nan
  inf
  nan
  nan
  nan
  nan
  nan
  nan
  nan
  nan
  nan
  nan
  nan
  nan
  nan
  nan
  nan
  nan
  nan
  nan
  nan
  nan
  nan
  nan
  nan
  nan
  nan
  nan
  nan
  nan
  nan
  nan
  nan
  nan
  nan
  nan
  nan
  nan
  nan
  nan
  nan
  nan
  nan
  nan
  nan
  nan
  nan
  nan
  nan
  nan
  nan
  nan
  nan
  nan
  nan
  nan
  inf
  inf
  nan
  nan
  nan
  nan
  nan
  nan
  nan
  nan
  inf
  nan
  nan
  nan
  inf
  inf
  inf
  nan
  nan
  nan
  inf
  inf
  nan
  nan
  nan
  nan
  nan
  nan
  nan
  nan
  inf
  nan
  nan
  inf
  nan
  inf
  inf
  nan
  nan
  nan
  nan
  nan
  nan
  inf
  inf
  nan
  nan
  nan
  nan
  inf
  nan
  inf
  nan
  inf
  nan
  nan
  nan
  nan
  nan
  nan
  nan
  nan
  nan
  nan
  nan
  nan
  nan
  nan
  nan
  inf
  nan
  nan
  nan
  nan
  nan
  nan
  nan
  nan
  nan
  nan
  nan
  nan
  inf
  nan
  inf
  nan
  nan
  nan
  inf
  nan
  nan
  nan
  nan
  inf
  nan
  nan
  inf
  nan
  nan
  nan
  nan
  nan
  nan
  nan
  nan
  nan
  nan
  nan
  nan
  nan
  nan
  inf
  inf
  inf
  nan
  nan
  nan
  inf
  inf
  nan
  inf
  inf
  nan
  nan
  nan
  nan
  nan
  nan
  nan
  nan
  nan
  nan
  nan
  nan
  nan
  nan
  nan
  nan
  nan
  nan
  nan
  inf
  nan
  nan
  nan
  nan
  nan
  nan
  nan
  nan
  nan
  nan
  nan
  nan
  nan
  nan
  inf
  inf
  nan
  nan
  nan
  inf
  nan
  inf
  inf
  nan
  nan
  nan
  inf
  nan
  nan
  nan
  nan
  nan
  nan
  nan
  nan
  nan
  nan
  inf
  nan
  nan
  nan
  nan
  nan
  nan
  nan
  nan
  nan
  nan
  nan
  inf
  nan
  nan
  nan
  nan
  nan
  nan
  nan
  nan
  nan
  nan
  nan
  nan
  nan
  nan
  nan
  nan
  nan
  nan
  nan
  nan
  nan
  nan
  inf
  nan
  nan
  nan
  nan
  inf
  nan
  nan
  nan
  nan
  nan
  nan
  nan
  nan
  nan
  nan
  nan
  inf
  nan
  nan
  nan
  nan
  inf
  nan
  nan
  nan
  nan
  nan
  nan
  nan
  inf
  nan
  nan
  nan
  inf
  nan
  nan
  nan
  nan
  inf
  inf
  nan
  nan
  nan
  nan
  nan
  nan
  nan
  nan
  nan
  nan
  nan
  nan
  nan
  inf
  inf
  nan
  nan
  nan
  nan
  nan
  nan
  nan
  nan
  inf
  nan
  nan
  nan
  nan
  nan
  nan
  nan
  nan
  nan
  nan
  nan
  nan
  nan
  inf
  nan
  inf
  nan
  nan
  nan
  nan
  nan
  nan
  nan
  nan
  nan
  nan
  nan
  nan
  nan
  nan
  nan
  nan
  nan
  nan
  nan
  nan
  nan
  nan
  nan
  nan
  nan
  nan
  nan
  nan
  nan
  nan
  nan
  nan
  nan
  nan
  nan
  nan
  nan
  nan
  nan
  nan
  nan
  nan
  nan
  nan
  nan
  nan
  nan
  nan
  nan
  nan
  nan
  nan
  nan
  nan
  nan
  nan
  nan
  nan
  nan
  nan
  nan
  nan
  nan
  nan
  nan
  nan
  nan
  nan
  nan
  inf
  nan
  nan
  nan
  inf
  inf
  nan
  nan
  nan
  inf
  nan
  nan
  nan
  nan
  nan
  inf
  nan
  nan
  nan
  nan
  nan
  inf
  nan
  nan
  nan
  nan
  nan
  nan
  nan
  inf
  nan
  nan
  nan
  nan
  nan
  nan
  nan
  nan
  nan
  inf
  nan
  nan
  nan
  nan
  nan
  nan
  nan
  nan
  nan
  nan
  nan
  nan
  nan
  nan
  nan
  nan
  nan
  nan
  nan
  nan
  nan
  nan
  nan
  nan
  nan
  nan
  nan
  nan
