353 180 0.0 2.00 3.0 3.0 0.0 0.0 0.0
0.000
0.000
1.270
1.216
1.043
1.010
1.090
1.108
1.035
0.943
0.960
0.976
0.984
0.953
0.941
0.936
0.927
0.924
0.925
0.906
0.879
0.912
0.909
0.874
0.873
0.860
0.848
0.845
0.848
0.838
0.851
0.850
0.856
0.848
0.843
0.835
0.838
0.839
0.837
0.837
0.825
0.831
0.832
0.829
0.825
0.825
0.825
0.823
0.800
0.798
0.821
0.823
0.820
0.823
0.787
0.797
0.819
0.821
0.833
0.793
0.814
0.806
0.817
0.824
0.804
0.808
0.816
0.826
0.818
0.818
0.822
0.819
0.827
0.818
0.821
0.818
0.812
0.828
0.819
0.823
0.821
0.822
0.814
0.821
0.830
0.819
0.818
0.831
0.812
0.832
0.797
0.825
0.831
0.828
0.826
0.830
0.819
0.832
0.829
0.830
0.826
0.824
0.828
0.831
0.837
0.829
0.833
0.829
0.835
0.841
0.836
0.836
0.836
0.813
0.819
0.837
0.831
0.832
0.837
0.838
0.844
0.850
0.834
0.840
0.841
0.846
0.850
0.848
0.857
0.845
0.853
0.850
0.843
0.844
0.853
0.849
0.859
0.855
0.855
0.853
0.849
0.851
0.853
0.862
0.852
0.829
0.856
0.849
0.858
0.866
0.845
0.855
0.866
0.862
0.864
0.865
0.865
0.874
0.870
0.874
0.871
0.870
0.883
0.876
0.886
0.854
0.882
0.880
0.885
0.881
0.885
0.876
0.893
0.879
0.884
0.890
0.884
0.874
0.888
0.887
0.882
0.880
0.886
0.896
0.895
0.906
0.889
0.897
0.898
0.894
0.898
0.904
0.909
0.915
0.907
0.914
0.913
0.915
0.916
0.913
0.911
0.922
0.918
0.923
0.922
0.922
0.927
0.933
0.923
0.932
0.926
0.937
0.941
0.940
0.943
0.942
0.931
0.941
0.947
0.944
0.942
0.947
0.949
0.945
0.000
0.000
0.000
0.000
0.000
0.000
0.000
0.000
0.000
0.000
0.000
0.000
0.000
0.000
0.000
0.000
0.000
0.000
0.000
0.000
0.000
0.000
0.000
0.000
0.000
0.000
0.000
0.000
0.000
0.000
0.000
0.000
0.000
0.000
0.000
0.000
0.000
0.000
0.000
0.000
0.000
0.000
0.000
0.000
0.000
0.000
0.000
0.000
0.000
1.089
1.094
1.105
1.128
1.118
1.129
1.137
1.108
1.093
0.980
0.892
0.884
0.909
0.921
0.902
0.911
0.918
0.902
0.900
0.984
0.959
0.909
0.915
0.913
0.930
0.919
0.936
0.972
1.004
0.940
0.912
0.937
0.932
0.945
0.946
0.933
0.929
0.943
0.947
0.968
0.972
0.961
0.962
0.947
0.975
0.980
0.984
0.978
1.026
0.000
1.005
0.997
1.010
1.000
1.034
0.991
0.779
0.979
0.921
0.962
1.145
0.881
0.921
0.907
0.956
0.905
1.844
1.001
0.863
0.963
0.951
0.860
0.000
0.789
0.931
0.807
1.002
0.946
0.000
0.901
0.000
0.000
1.261
1.212
1.039
1.005
1.089
1.107
1.031
0.939
0.957
0.971
0.983
0.951
0.940
0.936
0.923
0.920
0.922
0.904
0.876
0.912
0.908
0.872
0.871
0.860
0.844
0.844
0.845
0.836
0.848
0.847
0.850
0.844
0.843
0.831
0.834
0.836
0.834
0.836
0.828
0.830
0.833
0.830
0.823
0.824
0.824
0.824
0.797
0.796
0.820
0.823
0.820
0.825
0.787
0.792
0.819
0.815
0.834
0.794
0.814
0.805
0.815
0.818
0.802
0.810
0.816
0.824
0.819
0.818
0.819
0.819
0.828
0.816
0.820
0.814
0.813
0.827
0.821
0.821
0.824
0.817
0.816
0.819
0.822
0.818
0.816
0.825
0.810
0.825
0.799
0.821
0.831
0.831
0.825
0.827
0.819
0.824
0.823
0.829
0.823
0.826
0.827
0.830
0.837
0.829
0.834
0.829
0.836
0.842
0.833
0.833
0.832
0.815
0.814
0.838
0.833
0.834
0.839
0.835
0.841
0.840
0.836
0.839
0.840
0.843
0.848
0.849
0.859
0.838
0.848
0.846
0.843
0.843
0.850
0.847
0.858
0.858
0.857
0.855
0.845
0.848
0.857
0.862
0.852
0.831
0.856
0.850
0.861
0.867
0.845
0.854
0.865
0.865
0.864
0.863
0.861
0.867
0.864
0.875
0.863
0.867
0.876
0.872
0.889
0.842
0.875
0.879
0.871
0.879
0.885
0.884
0.889
0.874
0.877
0.885
0.888
0.879
0.886
0.884
0.876
0.876
0.890
0.896
0.893
0.903
0.887
0.897
0.900
0.891
0.895
0.903
0.902
0.909
0.908
0.906
0.912
0.911
0.914
0.910
0.915
0.916
0.917
0.925
0.918
0.924
0.927
0.926
0.927
0.936
0.922
0.928
0.931
0.941
0.938
0.942
0.929
0.939
0.946
0.941
0.936
0.943
0.951
0.937
0.000
0.000
0.000
0.000
0.000
0.000
0.000
0.000
0.000
0.000
0.000
0.000
0.000
0.000
0.000
0.000
0.000
0.000
0.000
0.000
0.000
0.000
0.000
0.000
0.000
0.000
0.000
0.000
0.000
0.000
0.000
0.000
0.000
0.000
0.000
0.000
0.000
0.000
0.000
0.000
0.000
0.000
0.000
0.000
0.000
0.000
0.000
0.000
0.000
1.096
1.100
1.107
1.110
1.103
1.120
1.128
1.103
1.088
0.979
0.893
0.876
0.907
0.917
0.904
0.907
0.904
0.900
0.911
0.977
0.949
0.908
0.898
0.910
0.920
0.904
0.925
0.972
0.998
0.931
0.911
0.940
0.925
0.940
0.949
0.939
0.931
0.934
0.946
0.962
0.964
0.959
0.951
0.944
0.981
0.981
0.971
0.975
1.013
0.000
0.990
0.995
1.008
1.000
1.028
0.991
0.858
1.133
0.906
0.969
1.008
0.924
0.907
0.903
0.965
0.915
1.788
0.944
0.856
0.893
0.949
0.834
0.000
0.908
0.928
1.030
0.995
0.957
0.000
0.864
0.000
0.000
1.261
1.212
1.039
1.005
1.089
1.107
1.031
0.939
0.957
0.971
0.983
0.951
0.940
0.936
0.923
0.920
0.922
0.904
0.876
0.912
0.908
0.872
0.871
0.860
0.844
0.844
0.845
0.836
0.848
0.847
0.850
0.844
0.843
0.831
0.834
0.836
0.834
0.836
0.828
0.830
0.833
0.830
0.823
0.824
0.824
0.824
0.797
0.796
0.820
0.823
0.820
0.825
0.787
0.792
0.819
0.815
0.834
0.794
0.814
0.805
0.815
0.818
0.802
0.810
0.816
0.824
0.819
0.818
0.819
0.819
0.828
0.816
0.820
0.814
0.813
0.827
0.821
0.821
0.824
0.817
0.816
0.819
0.822
0.818
0.816
0.825
0.810
0.825
0.799
0.821
0.831
0.831
0.825
0.827
0.819
0.824
0.823
0.829
0.823
0.826
0.827
0.830
0.837
0.829
0.834
0.829
0.836
0.842
0.833
0.833
0.832
0.815
0.814
0.838
0.833
0.834
0.839
0.835
0.841
0.840
0.836
0.839
0.840
0.843
0.848
0.849
0.859
0.838
0.848
0.846
0.843
0.843
0.850
0.847
0.858
0.858
0.857
0.855
0.845
0.848
0.857
0.862
0.852
0.831
0.856
0.850
0.861
0.867
0.845
0.854
0.865
0.865
0.864
0.863
0.861
0.867
0.864
0.875
0.863
0.867
0.876
0.872
0.889
0.842
0.875
0.879
0.871
0.879
0.885
0.884
0.889
0.874
0.877
0.885
0.888
0.879
0.886
0.884
0.876
0.876
0.890
0.896
0.893
0.903
0.887
0.897
0.900
0.891
0.895
0.903
0.902
0.909
0.908
0.906
0.912
0.911
0.914
0.910
0.915
0.916
0.917
0.925
0.918
0.924
0.927
0.926
0.927
0.936
0.922
0.928
0.931
0.941
0.938
0.942
0.929
0.939
0.946
0.941
0.936
0.943
0.951
0.937
0.000
0.000
0.000
0.000
0.000
0.000
0.000
0.000
0.000
0.000
0.000
0.000
0.000
0.000
0.000
0.000
0.000
0.000
0.000
0.000
0.000
0.000
0.000
0.000
0.000
0.000
0.000
0.000
0.000
0.000
0.000
0.000
0.000
0.000
0.000
0.000
0.000
0.000
0.000
0.000
0.000
0.000
0.000
0.000
0.000
0.000
0.000
0.000
0.000
1.096
1.100
1.107
1.110
1.103
1.120
1.128
1.103
1.088
0.979
0.893
0.876
0.907
0.917
0.904
0.907
0.904
0.900
0.911
0.977
0.949
0.908
0.898
0.910
0.920
0.904
0.925
0.972
0.998
0.931
0.911
0.940
0.925
0.940
0.949
0.939
0.931
0.934
0.946
0.962
0.964
0.959
0.951
0.944
0.981
0.981
0.971
0.975
1.013
0.000
0.990
0.995
1.008
1.000
1.028
0.991
0.858
1.133
0.906
0.969
1.008
0.924
0.907
0.903
0.965
0.915
1.788
0.944
0.856
0.893
0.949
0.834
0.000
0.908
0.928
1.030
0.995
0.957
0.000
0.864
0.000
0.000
1.263
1.212
1.038
1.005
1.084
1.105
1.032
0.937
0.957
0.974
0.980
0.951
0.937
0.937
0.925
0.922
0.922
0.903
0.878
0.912
0.908
0.874
0.872
0.858
0.844
0.844
0.845
0.834
0.852
0.848
0.853
0.847
0.841
0.833
0.838
0.837
0.835
0.836
0.825
0.830
0.834
0.829
0.822
0.823
0.824
0.824
0.802
0.798
0.823
0.824
0.819
0.824
0.788
0.797
0.818
0.817
0.834
0.796
0.811
0.806
0.817
0.822
0.804
0.810
0.816
0.828
0.821
0.820
0.822
0.818
0.829
0.817
0.824
0.820
0.815
0.827
0.823
0.824
0.822
0.817
0.816
0.820
0.822
0.818
0.819
0.830
0.813
0.827
0.801
0.821
0.834
0.830
0.827
0.829
0.820
0.825
0.827
0.831
0.830
0.826
0.826
0.830
0.841
0.829
0.833
0.831
0.835
0.840
0.831
0.834
0.839
0.821
0.818
0.835
0.833
0.836
0.834
0.837
0.844
0.844
0.837
0.838
0.841
0.847
0.850
0.847
0.858
0.839
0.854
0.852
0.843
0.847
0.851
0.850
0.856
0.853
0.853
0.851
0.848
0.850
0.857
0.860
0.851
0.827
0.862
0.846
0.857
0.866
0.844
0.857
0.865
0.859
0.860
0.870
0.866
0.869
0.862
0.876
0.863
0.872
0.881
0.878
0.890
0.856
0.879
0.880
0.880
0.882
0.892
0.884
0.893
0.881
0.886
0.892
0.889
0.880
0.886
0.891
0.882
0.875
0.888
0.899
0.893
0.896
0.886
0.904
0.894
0.892
0.895
0.901
0.904
0.911
0.904
0.915
0.910
0.912
0.914
0.914
0.918
0.914
0.918
0.921
0.917
0.926
0.929
0.932
0.925
0.933
0.930
0.932
0.931
0.940
0.937
0.944
0.935
0.942
0.954
0.942
0.944
0.946
0.946
0.938
0.000
0.000
0.000
0.000
0.000
0.000
0.000
0.000
0.000
0.000
0.000
0.000
0.000
0.000
0.000
0.000
0.000
0.000
0.000
0.000
0.000
0.000
0.000
0.000
0.000
0.000
0.000
0.000
0.000
0.000
0.000
0.000
0.000
0.000
0.000
0.000
0.000
0.000
0.000
0.000
0.000
0.000
0.000
0.000
0.000
0.000
0.000
0.000
0.000
1.094
1.101
1.109
1.116
1.106
1.116
1.129
1.115
1.094
0.981
0.889
0.889
0.903
0.922
0.906
0.912
0.912
0.900
0.909
0.978
0.952
0.896
0.911
0.909
0.925
0.929
0.929
0.975
1.008
0.936
0.906
0.939
0.929
0.945
0.948
0.929
0.927
0.950
0.959
0.959
0.971
0.966
0.968
0.957
0.978
0.974
0.986
0.973
1.005
0.000
0.999
1.000
1.008
1.000
1.031
0.985
0.931
1.012
0.916
0.968
1.156
0.871
0.917
0.907
0.973
0.900
1.859
0.967
0.867
1.008
0.952
0.855
0.000
0.928
0.932
0.879
0.997
0.952
0.000
0.862
0.000
0.000
1.263
1.212
1.038
1.005
1.084
1.105
1.032
0.937
0.957
0.974
0.980
0.951
0.937
0.937
0.925
0.922
0.922
0.903
0.878
0.912
0.908
0.874
0.872
0.858
0.844
0.844
0.845
0.834
0.852
0.848
0.853
0.847
0.841
0.833
0.838
0.837
0.835
0.836
0.825
0.830
0.834
0.829
0.822
0.823
0.824
0.824
0.802
0.798
0.823
0.824
0.819
0.824
0.788
0.797
0.818
0.817
0.834
0.796
0.811
0.806
0.817
0.822
0.804
0.810
0.816
0.828
0.821
0.820
0.822
0.818
0.829
0.817
0.824
0.820
0.815
0.827
0.823
0.824
0.822
0.817
0.816
0.820
0.822
0.818
0.819
0.830
0.813
0.827
0.801
0.821
0.834
0.830
0.827
0.829
0.820
0.825
0.827
0.831
0.830
0.826
0.826
0.830
0.841
0.829
0.833
0.831
0.835
0.840
0.831
0.834
0.839
0.821
0.818
0.835
0.833
0.836
0.834
0.837
0.844
0.844
0.837
0.838
0.841
0.847
0.850
0.847
0.858
0.839
0.854
0.852
0.843
0.847
0.851
0.850
0.856
0.853
0.853
0.851
0.848
0.850
0.857
0.860
0.851
0.827
0.862
0.846
0.857
0.866
0.844
0.857
0.865
0.859
0.860
0.870
0.866
0.869
0.862
0.876
0.863
0.872
0.881
0.878
0.890
0.856
0.879
0.880
0.880
0.882
0.892
0.884
0.893
0.881
0.886
0.892
0.889
0.880
0.886
0.891
0.882
0.875
0.888
0.899
0.893
0.896
0.886
0.904
0.894
0.892
0.895
0.901
0.904
0.911
0.904
0.915
0.910
0.912
0.914
0.914
0.918
0.914
0.918
0.921
0.917
0.926
0.929
0.932
0.925
0.933
0.930
0.932
0.931
0.940
0.937
0.944
0.935
0.942
0.954
0.942
0.944
0.946
0.946
0.938
0.000
0.000
0.000
0.000
0.000
0.000
0.000
0.000
0.000
0.000
0.000
0.000
0.000
0.000
0.000
0.000
0.000
0.000
0.000
0.000
0.000
0.000
0.000
0.000
0.000
0.000
0.000
0.000
0.000
0.000
0.000
0.000
0.000
0.000
0.000
0.000
0.000
0.000
0.000
0.000
0.000
0.000
0.000
0.000
0.000
0.000
0.000
0.000
0.000
1.094
1.101
1.109
1.116
1.106
1.116
1.129
1.115
1.094
0.981
0.889
0.889
0.903
0.922
0.906
0.912
0.912
0.900
0.909
0.978
0.952
0.896
0.911
0.909
0.925
0.929
0.929
0.975
1.008
0.936
0.906
0.939
0.929
0.945
0.948
0.929
0.927
0.950
0.959
0.959
0.971
0.966
0.968
0.957
0.978
0.974
0.986
0.973
1.005
0.000
0.999
1.000
1.008
1.000
1.031
0.985
0.931
1.012
0.916
0.968
1.156
0.871
0.917
0.907
0.973
0.900
1.859
0.967
0.867
1.008
0.952
0.855
0.000
0.928
0.932
0.879
0.997
0.952
0.000
0.862
0.000
0.000
1.259
1.209
1.039
1.007
1.084
1.101
1.034
0.944
0.962
0.976
0.980
0.948
0.944
0.941
0.931
0.926
0.929
0.908
0.881
0.914
0.908
0.881
0.877
0.864
0.848
0.847
0.850
0.838
0.855
0.852
0.857
0.852
0.846
0.839
0.842
0.842
0.841
0.841
0.831
0.835
0.838
0.836
0.833
0.829
0.829
0.828
0.805
0.805
0.826
0.828
0.824
0.829
0.792
0.799
0.822
0.825
0.841
0.800
0.820
0.814
0.823
0.826
0.809
0.813
0.823
0.834
0.825
0.829
0.828
0.825
0.836
0.822
0.826
0.822
0.824
0.834
0.826
0.830
0.831
0.824
0.823
0.826
0.832
0.825
0.824
0.832
0.819
0.836
0.806
0.830
0.838
0.834
0.830
0.833
0.825
0.834
0.838
0.839
0.835
0.825
0.833
0.833
0.840
0.836
0.842
0.836
0.845
0.852
0.843
0.841
0.844
0.817
0.826
0.841
0.838
0.842
0.845
0.844
0.856
0.851
0.840
0.849
0.847
0.849
0.859
0.852
0.860
0.845
0.856
0.855
0.847
0.850
0.854
0.858
0.866
0.864
0.856
0.858
0.855
0.854
0.864
0.865
0.861
0.832
0.866
0.857
0.866
0.878
0.853
0.856
0.874
0.870
0.868
0.872
0.871
0.873
0.868
0.884
0.871
0.877
0.888
0.883
0.897
0.858
0.887
0.885
0.885
0.885
0.892
0.886
0.901
0.886
0.888
0.891
0.896
0.887
0.893
0.898
0.880
0.881
0.899
0.899
0.902
0.910
0.900
0.904
0.901
0.900
0.905
0.913
0.909
0.925
0.912
0.922
0.921
0.927
0.924
0.919
0.921
0.919
0.922
0.929
0.927
0.934
0.932
0.931
0.938
0.944
0.941
0.939
0.943
0.948
0.943
0.954
0.945
0.949
0.957
0.951
0.944
0.952
0.956
0.943
0.000
0.000
0.000
0.000
0.000
0.000
0.000
0.000
0.000
0.000
0.000
0.000
0.000
0.000
0.000
0.000
0.000
0.000
0.000
0.000
0.000
0.000
0.000
0.000
0.000
0.000
0.000
0.000
0.000
0.000
0.000
0.000
0.000
0.000
0.000
0.000
0.000
0.000
0.000
0.000
0.000
0.000
0.000
0.000
0.000
0.000
0.000
0.000
0.000
1.098
1.113
1.114
1.127
1.118
1.132
1.141
1.123
1.108
0.980
0.890
0.889
0.909
0.922
0.909
0.915
0.916
0.910
0.917
0.999
0.965
0.921
0.921
0.906
0.933
0.933
0.941
0.983
1.010
0.941
0.917
0.937
0.940
0.961
0.947
0.938
0.941
0.946
0.954
0.974
0.972
0.974
0.970
0.957
0.993
0.989
0.998
0.989
1.018
0.000
0.998
1.007
1.025
1.000
1.032
0.990
0.851
0.968
0.924
0.968
1.320
0.935
0.921
0.915
0.972
0.925
1.926
0.951
0.870
0.980
0.957
0.858
0.000
0.843
0.928
0.970
1.011
0.954
0.000
0.882
0.000
0.000
1.259
1.209
1.039
1.007
1.084
1.101
1.034
0.944
0.962
0.976
0.980
0.948
0.944
0.941
0.931
0.926
0.929
0.908
0.881
0.914
0.908
0.881
0.877
0.864
0.848
0.847
0.850
0.838
0.855
0.852
0.857
0.852
0.846
0.839
0.842
0.842
0.841
0.841
0.831
0.835
0.838
0.836
0.833
0.829
0.829
0.828
0.805
0.805
0.826
0.828
0.824
0.829
0.792
0.799
0.822
0.825
0.841
0.800
0.820
0.814
0.823
0.826
0.809
0.813
0.823
0.834
0.825
0.829
0.828
0.825
0.836
0.822
0.826
0.822
0.824
0.834
0.826
0.830
0.831
0.824
0.823
0.826
0.832
0.825
0.824
0.832
0.819
0.836
0.806
0.830
0.838
0.834
0.830
0.833
0.825
0.834
0.838
0.839
0.835
0.825
0.833
0.833
0.840
0.836
0.842
0.836
0.845
0.852
0.843
0.841
0.844
0.817
0.826
0.841
0.838
0.842
0.845
0.844
0.856
0.851
0.840
0.849
0.847
0.849
0.859
0.852
0.860
0.845
0.856
0.855
0.847
0.850
0.854
0.858
0.866
0.864
0.856
0.858
0.855
0.854
0.864
0.865
0.861
0.832
0.866
0.857
0.866
0.878
0.853
0.856
0.874
0.870
0.868
0.872
0.871
0.873
0.868
0.884
0.871
0.877
0.888
0.883
0.897
0.858
0.887
0.885
0.885
0.885
0.892
0.886
0.901
0.886
0.888
0.891
0.896
0.887
0.893
0.898
0.880
0.881
0.899
0.899
0.902
0.910
0.900
0.904
0.901
0.900
0.905
0.913
0.909
0.925
0.912
0.922
0.921
0.927
0.924
0.919
0.921
0.919
0.922
0.929
0.927
0.934
0.932
0.931
0.938
0.944
0.941
0.939
0.943
0.948
0.943
0.954
0.945
0.949
0.957
0.951
0.944
0.952
0.956
0.943
0.000
0.000
0.000
0.000
0.000
0.000
0.000
0.000
0.000
0.000
0.000
0.000
0.000
0.000
0.000
0.000
0.000
0.000
0.000
0.000
0.000
0.000
0.000
0.000
0.000
0.000
0.000
0.000
0.000
0.000
0.000
0.000
0.000
0.000
0.000
0.000
0.000
0.000
0.000
0.000
0.000
0.000
0.000
0.000
0.000
0.000
0.000
0.000
0.000
1.098
1.113
1.114
1.127
1.118
1.132
1.141
1.123
1.108
0.980
0.890
0.889
0.909
0.922
0.909
0.915
0.916
0.910
0.917
0.999
0.965
0.921
0.921
0.906
0.933
0.933
0.941
0.983
1.010
0.941
0.917
0.937
0.940
0.961
0.947
0.938
0.941
0.946
0.954
0.974
0.972
0.974
0.970
0.957
0.993
0.989
0.998
0.989
1.018
0.000
0.998
1.007
1.025
1.000
1.032
0.990
0.851
0.968
0.924
0.968
1.320
0.935
0.921
0.915
0.972
0.925
1.926
0.951
0.870
0.980
0.957
0.858
0.000
0.843
0.928
0.970
1.011
0.954
0.000
0.882
0.000
0.000
1.259
1.209
1.039
1.007
1.084
1.101
1.034
0.944
0.962
0.976
0.980
0.948
0.944
0.941
0.931
0.926
0.929
0.908
0.881
0.914
0.908
0.881
0.877
0.864
0.848
0.847
0.850
0.838
0.855
0.852
0.857
0.852
0.846
0.839
0.842
0.842
0.841
0.841
0.831
0.835
0.838
0.836
0.833
0.829
0.829
0.828
0.805
0.805
0.826
0.828
0.824
0.829
0.792
0.799
0.822
0.825
0.841
0.800
0.820
0.814
0.823
0.826
0.809
0.813
0.823
0.834
0.825
0.829
0.828
0.825
0.836
0.822
0.826
0.822
0.824
0.834
0.826
0.830
0.831
0.824
0.823
0.826
0.832
0.825
0.824
0.832
0.819
0.836
0.806
0.830
0.838
0.834
0.830
0.833
0.825
0.834
0.838
0.839
0.835
0.825
0.833
0.833
0.840
0.836
0.842
0.836
0.845
0.852
0.843
0.841
0.844
0.817
0.826
0.841
0.838
0.842
0.845
0.844
0.856
0.851
0.840
0.849
0.847
0.849
0.859
0.852
0.860
0.845
0.856
0.855
0.847
0.850
0.854
0.858
0.866
0.864
0.856
0.858
0.855
0.854
0.864
0.865
0.861
0.832
0.866
0.857
0.866
0.878
0.853
0.856
0.874
0.870
0.868
0.872
0.871
0.873
0.868
0.884
0.871
0.877
0.888
0.883
0.897
0.858
0.887
0.885
0.885
0.885
0.892
0.886
0.901
0.886
0.888
0.891
0.896
0.887
0.893
0.898
0.880
0.881
0.899
0.899
0.902
0.910
0.900
0.904
0.901
0.900
0.905
0.913
0.909
0.925
0.912
0.922
0.921
0.927
0.924
0.919
0.921
0.919
0.922
0.929
0.927
0.934
0.932
0.931
0.938
0.944
0.941
0.939
0.943
0.948
0.943
0.954
0.945
0.949
0.957
0.951
0.944
0.952
0.956
0.943
0.000
0.000
0.000
0.000
0.000
0.000
0.000
0.000
0.000
0.000
0.000
0.000
0.000
0.000
0.000
0.000
0.000
0.000
0.000
0.000
0.000
0.000
0.000
0.000
0.000
0.000
0.000
0.000
0.000
0.000
0.000
0.000
0.000
0.000
0.000
0.000
0.000
0.000
0.000
0.000
0.000
0.000
0.000
0.000
0.000
0.000
0.000
0.000
0.000
1.098
1.113
1.114
1.127
1.118
1.132
1.141
1.123
1.108
0.980
0.890
0.889
0.909
0.922
0.909
0.915
0.916
0.910
0.917
0.999
0.965
0.921
0.921
0.906
0.933
0.933
0.941
0.983
1.010
0.941
0.917
0.937
0.940
0.961
0.947
0.938
0.941
0.946
0.954
0.974
0.972
0.974
0.970
0.957
0.993
0.989
0.998
0.989
1.018
0.000
0.998
1.007
1.025
1.000
1.032
0.990
0.851
0.968
0.924
0.968
1.320
0.935
0.921
0.915
0.972
0.925
1.926
0.951
0.870
0.980
0.957
0.858
0.000
0.843
0.928
0.970
1.011
0.954
0.000
0.882
0.000
0.000
1.256
1.203
1.036
1.004
1.088
1.101
1.036
0.943
0.961
0.979
0.976
0.953
0.946
0.941
0.931
0.928
0.926
0.909
0.883
0.917
0.914
0.881
0.878
0.864
0.851
0.844
0.849
0.841
0.856
0.857
0.858
0.850
0.848
0.841
0.844
0.843
0.844
0.845
0.832
0.836
0.837
0.837
0.831
0.830
0.830
0.827
0.804
0.802
0.828
0.829
0.825
0.828
0.790
0.800
0.823
0.821
0.843
0.799
0.817
0.815
0.825
0.828
0.811
0.814
0.826
0.834
0.827
0.825
0.828
0.825
0.836
0.823
0.827
0.822
0.823
0.831
0.828
0.830
0.831
0.825
0.822
0.827
0.831
0.827
0.830
0.836
0.816
0.838
0.807
0.827
0.842
0.836
0.834
0.837
0.829
0.836
0.836
0.837
0.830
0.832
0.836
0.834
0.843
0.838
0.840
0.839
0.846
0.850
0.840
0.846
0.847
0.818
0.820
0.846
0.839
0.843
0.844
0.845
0.850
0.852
0.841
0.846
0.847
0.854
0.862
0.855
0.869
0.849
0.859
0.858
0.848
0.853
0.859
0.858
0.863
0.864
0.863
0.861
0.853
0.855
0.864
0.869
0.863
0.838
0.868
0.859
0.863
0.878
0.855
0.860
0.866
0.873
0.876
0.876
0.872
0.869
0.874
0.886
0.873
0.878
0.885
0.885
0.900
0.860
0.886
0.883
0.885
0.891
0.897
0.887
0.895
0.884
0.890
0.898
0.894
0.886
0.897
0.899
0.879
0.876
0.894
0.902
0.897
0.913
0.897
0.904
0.909
0.898
0.912
0.912
0.912
0.920
0.916
0.925
0.922
0.916
0.924
0.919
0.921
0.926
0.927
0.927
0.933
0.935
0.928
0.938
0.942
0.950
0.942
0.948
0.947
0.949
0.946
0.951
0.944
0.949
0.958
0.950
0.946
0.956
0.960
0.950
0.000
0.000
0.000
0.000
0.000
0.000
0.000
0.000
0.000
0.000
0.000
0.000
0.000
0.000
0.000
0.000
0.000
0.000
0.000
0.000
0.000
0.000
0.000
0.000
0.000
0.000
0.000
0.000
0.000
0.000
0.000
0.000
0.000
0.000
0.000
0.000
0.000
0.000
0.000
0.000
0.000
0.000
0.000
0.000
0.000
0.000
0.000
0.000
0.000
1.107
1.105
1.116
1.124
1.116
1.134
1.142
1.118
1.096
0.978
0.898
0.885
0.913
0.928
0.914
0.919
0.922
0.919
0.910
0.988
0.959
0.914
0.914
0.913
0.932
0.928
0.934
0.992
1.017
0.939
0.926
0.953
0.951
0.960
0.951
0.934
0.936
0.956
0.961
0.971
0.984
0.973
0.978
0.962
0.982
0.984
0.988
0.994
1.021
0.000
1.016
1.005
1.012
1.000
1.033
0.994
0.841
1.169
0.929
0.984
1.214
0.929
0.925
0.913
0.978
0.944
1.835
0.824
0.872
0.956
0.957
0.840
0.000
0.916
0.937
0.905
1.002
0.956
0.000
0.891
0.000
0.000
1.256
1.203
1.036
1.004
1.088
1.101
1.036
0.943
0.961
0.979
0.976
0.953
0.946
0.941
0.931
0.928
0.926
0.909
0.883
0.917
0.914
0.881
0.878
0.864
0.851
0.844
0.849
0.841
0.856
0.857
0.858
0.850
0.848
0.841
0.844
0.843
0.844
0.845
0.832
0.836
0.837
0.837
0.831
0.830
0.830
0.827
0.804
0.802
0.828
0.829
0.825
0.828
0.790
0.800
0.823
0.821
0.843
0.799
0.817
0.815
0.825
0.828
0.811
0.814
0.826
0.834
0.827
0.825
0.828
0.825
0.836
0.823
0.827
0.822
0.823
0.831
0.828
0.830
0.831
0.825
0.822
0.827
0.831
0.827
0.830
0.836
0.816
0.838
0.807
0.827
0.842
0.836
0.834
0.837
0.829
0.836
0.836
0.837
0.830
0.832
0.836
0.834
0.843
0.838
0.840
0.839
0.846
0.850
0.840
0.846
0.847
0.818
0.820
0.846
0.839
0.843
0.844
0.845
0.850
0.852
0.841
0.846
0.847
0.854
0.862
0.855
0.869
0.849
0.859
0.858
0.848
0.853
0.859
0.858
0.863
0.864
0.863
0.861
0.853
0.855
0.864
0.869
0.863
0.838
0.868
0.859
0.863
0.878
0.855
0.860
0.866
0.873
0.876
0.876
0.872
0.869
0.874
0.886
0.873
0.878
0.885
0.885
0.900
0.860
0.886
0.883
0.885
0.891
0.897
0.887
0.895
0.884
0.890
0.898
0.894
0.886
0.897
0.899
0.879
0.876
0.894
0.902
0.897
0.913
0.897
0.904
0.909
0.898
0.912
0.912
0.912
0.920
0.916
0.925
0.922
0.916
0.924
0.919
0.921
0.926
0.927
0.927
0.933
0.935
0.928
0.938
0.942
0.950
0.942
0.948
0.947
0.949
0.946
0.951
0.944
0.949
0.958
0.950
0.946
0.956
0.960
0.950
0.000
0.000
0.000
0.000
0.000
0.000
0.000
0.000
0.000
0.000
0.000
0.000
0.000
0.000
0.000
0.000
0.000
0.000
0.000
0.000
0.000
0.000
0.000
0.000
0.000
0.000
0.000
0.000
0.000
0.000
0.000
0.000
0.000
0.000
0.000
0.000
0.000
0.000
0.000
0.000
0.000
0.000
0.000
0.000
0.000
0.000
0.000
0.000
0.000
1.107
1.105
1.116
1.124
1.116
1.134
1.142
1.118
1.096
0.978
0.898
0.885
0.913
0.928
0.914
0.919
0.922
0.919
0.910
0.988
0.959
0.914
0.914
0.913
0.932
0.928
0.934
0.992
1.017
0.939
0.926
0.953
0.951
0.960
0.951
0.934
0.936
0.956
0.961
0.971
0.984
0.973
0.978
0.962
0.982
0.984
0.988
0.994
1.021
0.000
1.016
1.005
1.012
1.000
1.033
0.994
0.841
1.169
0.929
0.984
1.214
0.929
0.925
0.913
0.978
0.944
1.835
0.824
0.872
0.956
0.957
0.840
0.000
0.916
0.937
0.905
1.002
0.956
0.000
0.891
0.000
0.000
1.239
1.187
1.021
0.989
1.073
1.087
1.019
0.931
0.947
0.962
0.962
0.935
0.931
0.928
0.917
0.913
0.913
0.895
0.867
0.900
0.899
0.866
0.864
0.851
0.837
0.834
0.838
0.826
0.845
0.841
0.845
0.837
0.835
0.827
0.831
0.830
0.830
0.830
0.821
0.823
0.825
0.824
0.820
0.818
0.817
0.816
0.794
0.791
0.816
0.818
0.813
0.813
0.779
0.785
0.807
0.809
0.832
0.792
0.809
0.802
0.812
0.814
0.799
0.806
0.812
0.822
0.814
0.816
0.814
0.812
0.823
0.811
0.816
0.812
0.814
0.823
0.816
0.818
0.813
0.811
0.811
0.817
0.821
0.814
0.816
0.827
0.805
0.820
0.794
0.817
0.826
0.823
0.821
0.824
0.814
0.825
0.820
0.826
0.820
0.818
0.821
0.822
0.829
0.826
0.829
0.822
0.829
0.837
0.828
0.831
0.838
0.807
0.812
0.831
0.829
0.827
0.835
0.832
0.842
0.839
0.829
0.834
0.834
0.838
0.843
0.842
0.857
0.835
0.846
0.846
0.832
0.842
0.845
0.846
0.856
0.850
0.848
0.847
0.841
0.842
0.847
0.857
0.847
0.832
0.851
0.846
0.848
0.859
0.842
0.848
0.867
0.861
0.859
0.866
0.864
0.860
0.862
0.871
0.864
0.864
0.872
0.870
0.885
0.846
0.872
0.874
0.878
0.878
0.885
0.871
0.886
0.872
0.875
0.885
0.883
0.873
0.877
0.881
0.863
0.870
0.880
0.882
0.881
0.897
0.883
0.891
0.893
0.886
0.894
0.902
0.900
0.907
0.902
0.905
0.903
0.904
0.909
0.907
0.913
0.916
0.904
0.917
0.917
0.918
0.923
0.922
0.925
0.932
0.925
0.932
0.931
0.932
0.927
0.937
0.931
0.935
0.939
0.939
0.929
0.944
0.945
0.933
0.000
0.000
0.000
0.000
0.000
0.000
0.000
0.000
0.000
0.000
0.000
0.000
0.000
0.000
0.000
0.000
0.000
0.000
0.000
0.000
0.000
0.000
0.000
0.000
0.000
0.000
0.000
0.000
0.000
0.000
0.000
0.000
0.000
0.000
0.000
0.000
0.000
0.000
0.000
0.000
0.000
0.000
0.000
0.000
0.000
0.000
0.000
0.000
0.000
1.092
1.105
1.098
1.121
1.101
1.124
1.129
1.098
1.079
0.972
0.890
0.881
0.903
0.915
0.886
0.896
0.912
0.902
0.902
0.980
0.942
0.899
0.908
0.911
0.922
0.927
0.927
0.971
1.003
0.937
0.894
0.931
0.936
0.942
0.942
0.927
0.925
0.937
0.948
0.955
0.966
0.956
0.960
0.953
0.975
0.959
0.985
0.973
1.005
0.000
0.992
0.990
1.007
1.000
1.020
0.982
0.905
0.988
0.910
0.967
1.062
1.005
0.919
0.903
0.958
0.861
1.830
0.927
0.860
0.938
0.939
0.846
0.000
0.885
0.921
0.851
0.982
0.940
0.000
0.892
0.000
0.000
1.239
1.187
1.021
0.989
1.073
1.087
1.019
0.931
0.947
0.962
0.962
0.935
0.931
0.928
0.917
0.913
0.913
0.895
0.867
0.900
0.899
0.866
0.864
0.851
0.837
0.834
0.838
0.826
0.845
0.841
0.845
0.837
0.835
0.827
0.831
0.830
0.830
0.830
0.821
0.823
0.825
0.824
0.820
0.818
0.817
0.816
0.794
0.791
0.816
0.818
0.813
0.813
0.779
0.785
0.807
0.809
0.832
0.792
0.809
0.802
0.812
0.814
0.799
0.806
0.812
0.822
0.814
0.816
0.814
0.812
0.823
0.811
0.816
0.812
0.814
0.823
0.816
0.818
0.813
0.811
0.811
0.817
0.821
0.814
0.816
0.827
0.805
0.820
0.794
0.817
0.826
0.823
0.821
0.824
0.814
0.825
0.820
0.826
0.820
0.818
0.821
0.822
0.829
0.826
0.829
0.822
0.829
0.837
0.828
0.831
0.838
0.807
0.812
0.831
0.829
0.827
0.835
0.832
0.842
0.839
0.829
0.834
0.834
0.838
0.843
0.842
0.857
0.835
0.846
0.846
0.832
0.842
0.845
0.846
0.856
0.850
0.848
0.847
0.841
0.842
0.847
0.857
0.847
0.832
0.851
0.846
0.848
0.859
0.842
0.848
0.867
0.861
0.859
0.866
0.864
0.860
0.862
0.871
0.864
0.864
0.872
0.870
0.885
0.846
0.872
0.874
0.878
0.878
0.885
0.871
0.886
0.872
0.875
0.885
0.883
0.873
0.877
0.881
0.863
0.870
0.880
0.882
0.881
0.897
0.883
0.891
0.893
0.886
0.894
0.902
0.900
0.907
0.902
0.905
0.903
0.904
0.909
0.907
0.913
0.916
0.904
0.917
0.917
0.918
0.923
0.922
0.925
0.932
0.925
0.932
0.931
0.932
0.927
0.937
0.931
0.935
0.939
0.939
0.929
0.944
0.945
0.933
0.000
0.000
0.000
0.000
0.000
0.000
0.000
0.000
0.000
0.000
0.000
0.000
0.000
0.000
0.000
0.000
0.000
0.000
0.000
0.000
0.000
0.000
0.000
0.000
0.000
0.000
0.000
0.000
0.000
0.000
0.000
0.000
0.000
0.000
0.000
0.000
0.000
0.000
0.000
0.000
0.000
0.000
0.000
0.000
0.000
0.000
0.000
0.000
0.000
1.092
1.105
1.098
1.121
1.101
1.124
1.129
1.098
1.079
0.972
0.890
0.881
0.903
0.915
0.886
0.896
0.912
0.902
0.902
0.980
0.942
0.899
0.908
0.911
0.922
0.927
0.927
0.971
1.003
0.937
0.894
0.931
0.936
0.942
0.942
0.927
0.925
0.937
0.948
0.955
0.966
0.956
0.960
0.953
0.975
0.959
0.985
0.973
1.005
0.000
0.992
0.990
1.007
1.000
1.020
0.982
0.905
0.988
0.910
0.967
1.062
1.005
0.919
0.903
0.958
0.861
1.830
0.927
0.860
0.938
0.939
0.846
0.000
0.885
0.921
0.851
0.982
0.940
0.000
0.892
0.000
0.000
1.236
1.187
1.016
0.989
1.065
1.084
1.017
0.927
0.945
0.960
0.961
0.934
0.928
0.928
0.917
0.912
0.911
0.894
0.868
0.899
0.897
0.866
0.866
0.857
0.828
0.831
0.830
0.823
0.843
0.841
0.847
0.840
0.835
0.826
0.831
0.832
0.830
0.830
0.820
0.826
0.827
0.824
0.818
0.816
0.817
0.817
0.792
0.790
0.818
0.818
0.813
0.818
0.776
0.783
0.804
0.810
0.831
0.791
0.807
0.800
0.811
0.816
0.801
0.801
0.812
0.824
0.812
0.813
0.815
0.813
0.825
0.810
0.813
0.812
0.810
0.821
0.815
0.819
0.816
0.815
0.811
0.814
0.818
0.817
0.812
0.824
0.806
0.820
0.800
0.814
0.824
0.821
0.820
0.824
0.812
0.823
0.823
0.826
0.820
0.821
0.822
0.821
0.831
0.826
0.831
0.825
0.830
0.834
0.829
0.830
0.833
0.805
0.816
0.834
0.830
0.830
0.833
0.830
0.841
0.834
0.830
0.836
0.838
0.841
0.838
0.843
0.847
0.837
0.845
0.850
0.838
0.837
0.843
0.847
0.847
0.848
0.846
0.851
0.843
0.847
0.852
0.850
0.845
0.822
0.850
0.850
0.855
0.858
0.843
0.849
0.861
0.856
0.855
0.859
0.862
0.864
0.860
0.870
0.862
0.864
0.873
0.872
0.882
0.841
0.877
0.874
0.873
0.876
0.882
0.874
0.885
0.882
0.877
0.885
0.880
0.872
0.883
0.882
0.871
0.875
0.882
0.887
0.888
0.896
0.878
0.892
0.891
0.884
0.892
0.901
0.896
0.905
0.897
0.903
0.906
0.913
0.911
0.909
0.912
0.915
0.910
0.917
0.920
0.922
0.920
0.920
0.925
0.931
0.931
0.931
0.936
0.937
0.928
0.933
0.929
0.934
0.942
0.931
0.932
0.942
0.948
0.935
0.000
0.000
0.000
0.000
0.000
0.000
0.000
0.000
0.000
0.000
0.000
0.000
0.000
0.000
0.000
0.000
0.000
0.000
0.000
0.000
0.000
0.000
0.000
0.000
0.000
0.000
0.000
0.000
0.000
0.000
0.000
0.000
0.000
0.000
0.000
0.000
0.000
0.000
0.000
0.000
0.000
0.000
0.000
0.000
0.000
0.000
0.000
0.000
0.000
1.092
1.097
1.099
1.116
1.108
1.123
1.120
1.109
1.086
0.971
0.890
0.871
0.912
0.915
0.897
0.904
0.906
0.898
0.903
0.987
0.943
0.901
0.907
0.908
0.914
0.913
0.925
0.975
1.010
0.936
0.914
0.936
0.930
0.939
0.941
0.931
0.926
0.947
0.949
0.958
0.963
0.960
0.975
0.938
0.973
0.973
0.971
0.976
1.002
0.000
1.003
0.996
1.009
1.000
1.018
0.985
0.782
0.997
0.909
0.955
1.210
0.849
0.903
0.898
0.957
0.925
1.780
0.993
0.851
1.075
0.955
0.844
0.000
0.875
0.923
1.152
0.994
0.963
0.000
0.893
0.000
0.000
1.236
1.187
1.016
0.989
1.065
1.084
1.017
0.927
0.945
0.960
0.961
0.934
0.928
0.928
0.917
0.912
0.911
0.894
0.868
0.899
0.897
0.866
0.866
0.857
0.828
0.831
0.830
0.823
0.843
0.841
0.847
0.840
0.835
0.826
0.831
0.832
0.830
0.830
0.820
0.826
0.827
0.824
0.818
0.816
0.817
0.817
0.792
0.790
0.818
0.818
0.813
0.818
0.776
0.783
0.804
0.810
0.831
0.791
0.807
0.800
0.811
0.816
0.801
0.801
0.812
0.824
0.812
0.813
0.815
0.813
0.825
0.810
0.813
0.812
0.810
0.821
0.815
0.819
0.816
0.815
0.811
0.814
0.818
0.817
0.812
0.824
0.806
0.820
0.800
0.814
0.824
0.821
0.820
0.824
0.812
0.823
0.823
0.826
0.820
0.821
0.822
0.821
0.831
0.826
0.831
0.825
0.830
0.834
0.829
0.830
0.833
0.805
0.816
0.834
0.830
0.830
0.833
0.830
0.841
0.834
0.830
0.836
0.838
0.841
0.838
0.843
0.847
0.837
0.845
0.850
0.838
0.837
0.843
0.847
0.847
0.848
0.846
0.851
0.843
0.847
0.852
0.850
0.845
0.822
0.850
0.850
0.855
0.858
0.843
0.849
0.861
0.856
0.855
0.859
0.862
0.864
0.860
0.870
0.862
0.864
0.873
0.872
0.882
0.841
0.877
0.874
0.873
0.876
0.882
0.874
0.885
0.882
0.877
0.885
0.880
0.872
0.883
0.882
0.871
0.875
0.882
0.887
0.888
0.896
0.878
0.892
0.891
0.884
0.892
0.901
0.896
0.905
0.897
0.903
0.906
0.913
0.911
0.909
0.912
0.915
0.910
0.917
0.920
0.922
0.920
0.920
0.925
0.931
0.931
0.931
0.936
0.937
0.928
0.933
0.929
0.934
0.942
0.931
0.932
0.942
0.948
0.935
0.000
0.000
0.000
0.000
0.000
0.000
0.000
0.000
0.000
0.000
0.000
0.000
0.000
0.000
0.000
0.000
0.000
0.000
0.000
0.000
0.000
0.000
0.000
0.000
0.000
0.000
0.000
0.000
0.000
0.000
0.000
0.000
0.000
0.000
0.000
0.000
0.000
0.000
0.000
0.000
0.000
0.000
0.000
0.000
0.000
0.000
0.000
0.000
0.000
1.092
1.097
1.099
1.116
1.108
1.123
1.120
1.109
1.086
0.971
0.890
0.871
0.912
0.915
0.897
0.904
0.906
0.898
0.903
0.987
0.943
0.901
0.907
0.908
0.914
0.913
0.925
0.975
1.010
0.936
0.914
0.936
0.930
0.939
0.941
0.931
0.926
0.947
0.949
0.958
0.963
0.960
0.975
0.938
0.973
0.973
0.971
0.976
1.002
0.000
1.003
0.996
1.009
1.000
1.018
0.985
0.782
0.997
0.909
0.955
1.210
0.849
0.903
0.898
0.957
0.925
1.780
0.993
0.851
1.075
0.955
0.844
0.000
0.875
0.923
1.152
0.994
0.963
0.000
0.893
0.000
0.000
1.250
1.201
1.033
1.001
1.081
1.096
1.031
0.939
0.959
0.971
0.972
0.946
0.940
0.939
0.927
0.924
0.926
0.906
0.875
0.910
0.908
0.877
0.874
0.862
0.848
0.842
0.844
0.835
0.853
0.850
0.852
0.845
0.847
0.836
0.840
0.839
0.839
0.841
0.831
0.833
0.835
0.833
0.827
0.826
0.829
0.822
0.802
0.804
0.825
0.826
0.821
0.824
0.787
0.793
0.813
0.817
0.837
0.799
0.816
0.811
0.821
0.827
0.807
0.811
0.821
0.829
0.820
0.825
0.825
0.821
0.830
0.818
0.825
0.819
0.819
0.829
0.824
0.825
0.824
0.821
0.821
0.825
0.826
0.826
0.821
0.834
0.820
0.835
0.811
0.825
0.838
0.831
0.831
0.830
0.825
0.833
0.834
0.836
0.826
0.833
0.829
0.830
0.841
0.836
0.837
0.837
0.839
0.842
0.838
0.839
0.843
0.817
0.823
0.832
0.837
0.841
0.840
0.838
0.849
0.845
0.840
0.844
0.844
0.844
0.855
0.855
0.865
0.846
0.855
0.861
0.843
0.848
0.858
0.860
0.860
0.865
0.857
0.859
0.849
0.856
0.856
0.858
0.858
0.839
0.864
0.860
0.862
0.865
0.857
0.854
0.868
0.866
0.866
0.873
0.866
0.869
0.865
0.874
0.874
0.872
0.881
0.883
0.894
0.847
0.891
0.883
0.889
0.887
0.895
0.881
0.896
0.883
0.889
0.894
0.886
0.882
0.890
0.888
0.874
0.879
0.893
0.904
0.899
0.903
0.890
0.902
0.899
0.898
0.900
0.906
0.907
0.917
0.915
0.913
0.914
0.915
0.920
0.914
0.924
0.922
0.920
0.927
0.928
0.935
0.928
0.927
0.929
0.939
0.931
0.944
0.942
0.947
0.947
0.954
0.941
0.947
0.955
0.946
0.941
0.950
0.952
0.942
0.000
0.000
0.000
0.000
0.000
0.000
0.000
0.000
0.000
0.000
0.000
0.000
0.000
0.000
0.000
0.000
0.000
0.000
0.000
0.000
0.000
0.000
0.000
0.000
0.000
0.000
0.000
0.000
0.000
0.000
0.000
0.000
0.000
0.000
0.000
0.000
0.000
0.000
0.000
0.000
0.000
0.000
0.000
0.000
0.000
0.000
0.000
0.000
0.000
1.099
1.106
1.116
1.118
1.118
1.129
1.138
1.114
1.098
0.978
0.898
0.881
0.918
0.923
0.910
0.915
0.919
0.903
0.912
1.008
0.946
0.902
0.924
0.919
0.932
0.922
0.946
0.970
1.005
0.926
0.911
0.942
0.936
0.946
0.950
0.935
0.930
0.951
0.962
0.975
0.981
0.979
0.962
0.960
0.979
0.979
0.999
0.991
1.020
0.000
0.994
0.998
1.018
1.000
1.028
0.980
0.772
0.889
0.931
0.981
0.901
0.937
0.898
0.917
0.982
0.944
1.744
0.929
0.861
0.981
0.951
0.835
0.000
0.913
0.933
0.936
1.002
0.962
0.000
0.894
0.000
0.000
1.250
1.201
1.033
1.001
1.081
1.096
1.031
0.939
0.959
0.971
0.972
0.946
0.940
0.939
0.927
0.924
0.926
0.906
0.875
0.910
0.908
0.877
0.874
0.862
0.848
0.842
0.844
0.835
0.853
0.850
0.852
0.845
0.847
0.836
0.840
0.839
0.839
0.841
0.831
0.833
0.835
0.833
0.827
0.826
0.829
0.822
0.802
0.804
0.825
0.826
0.821
0.824
0.787
0.793
0.813
0.817
0.837
0.799
0.816
0.811
0.821
0.827
0.807
0.811
0.821
0.829
0.820
0.825
0.825
0.821
0.830
0.818
0.825
0.819
0.819
0.829
0.824
0.825
0.824
0.821
0.821
0.825
0.826
0.826
0.821
0.834
0.820
0.835
0.811
0.825
0.838
0.831
0.831
0.830
0.825
0.833
0.834
0.836
0.826
0.833
0.829
0.830
0.841
0.836
0.837
0.837
0.839
0.842
0.838
0.839
0.843
0.817
0.823
0.832
0.837
0.841
0.840
0.838
0.849
0.845
0.840
0.844
0.844
0.844
0.855
0.855
0.865
0.846
0.855
0.861
0.843
0.848
0.858
0.860
0.860
0.865
0.857
0.859
0.849
0.856
0.856
0.858
0.858
0.839
0.864
0.860
0.862
0.865
0.857
0.854
0.868
0.866
0.866
0.873
0.866
0.869
0.865
0.874
0.874
0.872
0.881
0.883
0.894
0.847
0.891
0.883
0.889
0.887
0.895
0.881
0.896
0.883
0.889
0.894
0.886
0.882
0.890
0.888
0.874
0.879
0.893
0.904
0.899
0.903
0.890
0.902
0.899
0.898
0.900
0.906
0.907
0.917
0.915
0.913
0.914
0.915
0.920
0.914
0.924
0.922
0.920
0.927
0.928
0.935
0.928
0.927
0.929
0.939
0.931
0.944
0.942
0.947
0.947
0.954
0.941
0.947
0.955
0.946
0.941
0.950
0.952
0.942
0.000
0.000
0.000
0.000
0.000
0.000
0.000
0.000
0.000
0.000
0.000
0.000
0.000
0.000
0.000
0.000
0.000
0.000
0.000
0.000
0.000
0.000
0.000
0.000
0.000
0.000
0.000
0.000
0.000
0.000
0.000
0.000
0.000
0.000
0.000
0.000
0.000
0.000
0.000
0.000
0.000
0.000
0.000
0.000
0.000
0.000
0.000
0.000
0.000
1.099
1.106
1.116
1.118
1.118
1.129
1.138
1.114
1.098
0.978
0.898
0.881
0.918
0.923
0.910
0.915
0.919
0.903
0.912
1.008
0.946
0.902
0.924
0.919
0.932
0.922
0.946
0.970
1.005
0.926
0.911
0.942
0.936
0.946
0.950
0.935
0.930
0.951
0.962
0.975
0.981
0.979
0.962
0.960
0.979
0.979
0.999
0.991
1.020
0.000
0.994
0.998
1.018
1.000
1.028
0.980
0.772
0.889
0.931
0.981
0.901
0.937
0.898
0.917
0.982
0.944
1.744
0.929
0.861
0.981
0.951
0.835
0.000
0.913
0.933
0.936
1.002
0.962
0.000
0.894
