353 180 0.0 2.00 1.0 1.0 2.0 0.0 0.0
0.000
0.000
1.118
1.075
0.784
0.759
0.801
0.775
0.675
0.666
0.671
0.686
0.683
0.680
0.664
0.669
0.665
0.674
0.717
0.695
0.661
0.655
0.644
0.651
0.807
0.824
0.691
0.662
0.632
0.643
0.646
0.642
0.662
0.663
0.666
0.659
0.660
0.674
0.669
0.655
0.676
0.677
0.692
0.688
0.682
0.687
0.710
0.737
0.794
0.789
0.698
0.688
0.703
0.707
0.692
0.723
0.796
0.810
0.781
0.724
0.708
0.746
0.760
0.723
0.710
0.730
0.741
0.749
0.776
0.801
0.803
0.732
0.763
0.762
0.753
0.746
0.752
0.753
0.755
0.758
0.763
0.765
0.754
0.779
0.777
0.790
0.784
0.779
0.792
0.798
0.834
0.806
0.802
0.808
0.819
0.833
0.837
0.837
0.840
0.842
0.963
0.964
0.859
0.855
0.867
0.879
0.889
0.893
0.896
0.903
0.916
0.924
0.930
0.934
0.963
0.958
0.957
1.001
0.993
1.001
1.000
1.014
1.022
1.039
1.039
1.049
1.145
1.146
1.118
1.131
1.119
1.127
1.279
1.326
1.167
1.182
1.164
1.204
1.215
1.230
1.242
1.363
1.380
1.236
1.233
1.253
1.037
0.983
0.902
0.831
0.861
0.815
0.742
0.789
0.752
0.685
0.687
0.664
0.682
0.667
0.685
0.684
0.683
0.682
0.691
0.686
0.696
0.692
0.696
0.703
0.725
0.710
0.828
0.709
0.802
0.710
0.728
0.751
0.732
0.739
0.750
0.755
0.744
0.748
0.756
0.751
0.756
0.790
0.799
0.780
0.795
0.783
0.797
0.799
0.807
0.815
0.806
0.825
0.812
0.829
0.930
0.917
0.923
0.927
0.859
0.872
0.882
0.903
0.861
0.817
0.774
0.651
0.690
0.653
0.658
0.624
0.622
0.625
0.626
0.617
0.626
0.627
0.618
0.641
0.634
0.638
0.647
0.641
0.640
0.632
0.659
0.664
0.654
0.724
0.760
0.706
0.690
0.693
0.680
0.674
0.745
0.757
0.680
0.682
0.690
0.000
0.686
0.640
0.670
0.646
0.597
0.573
0.652
0.662
0.581
0.591
0.578
0.576
0.579
0.585
0.612
0.590
0.587
0.602
0.590
0.594
0.612
0.609
0.000
0.000
0.576
0.573
0.557
0.545
0.547
0.557
0.581
0.572
0.565
0.559
0.566
0.558
0.578
0.583
0.592
0.556
0.733
0.718
0.558
0.552
0.541
0.526
0.996
0.974
0.533
0.524
0.553
0.653
0.649
0.611
0.848
0.823
0.562
0.573
0.569
0.560
0.535
0.535
0.542
0.568
0.543
0.542
0.535
0.619
0.636
0.600
0.571
0.534
0.534
0.537
0.565
0.560
0.000
0.521
0.517
0.514
0.548
0.521
0.544
0.655
0.760
0.558
0.710
0.629
0.434
0.551
0.810
0.544
0.621
0.905
0.668
0.554
0.630
0.542
0.536
0.000
0.434
0.539
0.744
0.650
0.620
0.000
0.477
0.000
0.000
1.102
1.072
0.802
0.782
0.836
0.823
0.724
0.719
0.737
0.773
0.778
0.786
0.780
0.789
0.798
0.816
0.871
0.850
0.818
0.808
0.798
0.817
1.003
1.026
0.860
0.805
0.759
0.793
0.809
0.797
0.818
0.817
0.814
0.796
0.791
0.797
0.790
0.759
0.777
0.776
0.779
0.774
0.760
0.759
0.786
0.797
0.844
0.854
0.751
0.736
0.748
0.747
0.713
0.734
0.828
0.837
0.806
0.747
0.732
0.766
0.787
0.749
0.731
0.756
0.760
0.773
0.800
0.828
0.824
0.758
0.786
0.780
0.775
0.762
0.774
0.773
0.776
0.779
0.786
0.787
0.778
0.804
0.799
0.803
0.805
0.806
0.822
0.820
0.852
0.827
0.821
0.829
0.839
0.852
0.859
0.861
0.861
0.864
0.990
0.986
0.877
0.873
0.892
0.903
0.910
0.911
0.913
0.917
0.932
0.938
0.944
0.929
0.964
0.968
0.972
1.002
1.000
0.999
1.000
1.015
1.034
1.035
1.047
1.048
1.134
1.146
1.092
1.106
1.083
1.075
1.199
1.204
1.020
1.002
0.958
0.954
0.964
0.968
0.973
1.074
1.112
1.009
1.048
1.094
1.004
1.003
1.005
0.990
1.057
1.039
0.925
0.961
0.876
0.755
0.734
0.710
0.714
0.706
0.708
0.707
0.712
0.712
0.716
0.725
0.712
0.708
0.713
0.720
0.742
0.730
0.829
0.716
0.814
0.726
0.731
0.755
0.735
0.744
0.760
0.760
0.748
0.751
0.758
0.759
0.754
0.786
0.812
0.786
0.788
0.780
0.795
0.802
0.794
0.804
0.805
0.807
0.806
0.802
0.896
0.895
0.892
0.897
0.829
0.825
0.825
0.785
0.697
0.656
0.669
0.651
0.652
0.685
0.688
0.641
0.643
0.644
0.653
0.633
0.622
0.632
0.630
0.625
0.637
0.632
0.635
0.641
0.637
0.632
0.663
0.653
0.647
0.710
0.762
0.682
0.678
0.668
0.656
0.651
0.731
0.726
0.667
0.641
0.649
0.000
0.659
0.618
0.657
0.649
0.589
0.579
0.642
0.660
0.580
0.593
0.579
0.569
0.574
0.574
0.598
0.589
0.588
0.586
0.581
0.583
0.592
0.587
0.000
0.000
0.551
0.559
0.544
0.545
0.543
0.544
0.565
0.568
0.558
0.558
0.558
0.545
0.552
0.563
0.570
0.535
0.701
0.706
0.535
0.534
0.518
0.518
1.016
0.936
0.521
0.515
0.553
0.622
0.619
0.591
0.825
0.772
0.554
0.560
0.567
0.548
0.526
0.516
0.535
0.555
0.540
0.516
0.517
0.606
0.627
0.585
0.561
0.526
0.523
0.533
0.556
0.554
0.000
0.515
0.513
0.508
0.533
0.517
0.521
0.711
0.927
0.528
0.675
0.708
0.333
0.535
0.807
0.547
0.630
0.899
0.197
0.546
0.656
0.522
0.521
0.000
0.684
0.527
0.815
0.634
0.567
0.000
0.506
0.000
0.000
0.977
0.951
0.709
0.705
0.746
0.737
0.646
0.646
0.662
0.689
0.691
0.697
0.694
0.703
0.708
0.725
0.784
0.761
0.732
0.727
0.720
0.735
0.921
0.943
0.792
0.760
0.727
0.753
0.766
0.762
0.789
0.800
0.802
0.801
0.803
0.824
0.825
0.806
0.838
0.844
0.862
0.863
0.862
0.873
0.901
0.937
1.001
1.008
0.898
0.884
0.906
0.915
0.869
0.888
1.013
1.022
1.003
0.928
0.908
0.956
0.974
0.927
0.888
0.904
0.919
0.935
0.949
0.972
0.969
0.883
0.902
0.889
0.874
0.868
0.869
0.862
0.850
0.855
0.851
0.858
0.848
0.862
0.861
0.866
0.861
0.866
0.872
0.870
0.907
0.885
0.880
0.889
0.906
0.921
0.921
0.930
0.930
0.931
1.063
1.069
0.962
0.951
0.969
0.981
0.995
1.002
1.008
1.010
1.034
1.043
1.039
1.029
1.054
1.062
1.055
1.086
1.054
1.031
1.000
0.985
0.968
0.929
0.909
0.890
0.949
0.931
0.895
0.897
0.882
0.884
0.991
1.029
0.900
0.893
0.884
0.909
0.924
0.938
0.950
1.052
1.081
0.999
1.032
1.094
0.994
0.996
1.014
1.014
1.125
1.156
1.078
1.186
1.131
1.008
0.980
0.905
0.863
0.814
0.779
0.758
0.757
0.751
0.755
0.766
0.762
0.751
0.755
0.762
0.778
0.776
0.898
0.767
0.884
0.787
0.781
0.806
0.794
0.796
0.806
0.820
0.799
0.792
0.805
0.794
0.795
0.813
0.834
0.814
0.807
0.812
0.820
0.818
0.813
0.831
0.827
0.833
0.840
0.855
0.938
0.939
0.928
0.909
0.766
0.707
0.703
0.703
0.674
0.669
0.689
0.685
0.678
0.701
0.718
0.684
0.691
0.695
0.702
0.676
0.673
0.678
0.669
0.664
0.665
0.659
0.670
0.653
0.668
0.659
0.690
0.684
0.674
0.738
0.766
0.702
0.680
0.665
0.658
0.652
0.734
0.739
0.671
0.663
0.697
0.000
0.673
0.627
0.698
0.673
0.619
0.609
0.673
0.695
0.607
0.618
0.603
0.588
0.591
0.598
0.612
0.604
0.600
0.606
0.597
0.589
0.586
0.601
0.000
0.000
0.576
0.583
0.585
0.573
0.569
0.558
0.577
0.590
0.583
0.575
0.580
0.570
0.585
0.596
0.597
0.564
0.719
0.705
0.554
0.557
0.549
0.560
1.062
1.013
0.540
0.540
0.567
0.657
0.638
0.610
0.850
0.839
0.572
0.565
0.579
0.581
0.538
0.556
0.546
0.554
0.550
0.535
0.539
0.624
0.633
0.627
0.592
0.554
0.551
0.534
0.546
0.558
0.000
0.521
0.526
0.530
0.567
0.531
0.541
0.819
0.925
0.577
0.705
0.581
0.468
0.549
0.807
0.558
0.613
0.817
0.888
0.566
0.584
0.533
0.557
0.000
0.444
0.542
0.380
0.687
0.572
0.000
0.565
0.000
0.000
1.219
1.194
0.886
0.886
0.935
0.913
0.820
0.819
0.837
0.864
0.856
0.861
0.860
0.870
0.876
0.891
0.955
0.924
0.890
0.881
0.870
0.886
1.093
1.123
0.944
0.900
0.859
0.887
0.896
0.889
0.918
0.925
0.929
0.927
0.927
0.947
0.944
0.923
0.952
0.955
0.975
0.979
0.973
0.983
1.014
1.049
1.115
1.133
1.003
0.990
1.010
1.027
0.992
1.018
1.154
1.165
1.145
1.054
1.043
1.094
1.121
1.084
1.050
1.095
1.113
1.144
1.174
1.217
1.225
1.133
1.183
1.171
1.163
1.171
1.185
1.195
1.201
1.212
1.226
1.238
1.233
1.273
1.272
1.288
1.297
1.288
1.295
1.305
1.372
1.332
1.327
1.329
1.350
1.365
1.355
1.356
1.349
1.347
1.520
1.486
1.329
1.287
1.285
1.272
1.250
1.209
1.158
1.116
1.090
1.063
1.044
1.032
1.027
1.004
0.997
1.012
1.006
1.001
1.000
1.005
1.005
1.007
1.016
1.013
1.107
1.105
1.065
1.072
1.056
1.051
1.190
1.224
1.083
1.087
1.077
1.109
1.119
1.139
1.148
1.263
1.305
1.201
1.224
1.286
1.197
1.214
1.229
1.219
1.347
1.383
1.321
1.450
1.413
1.305
1.310
1.303
1.310
1.282
1.225
1.171
1.117
1.049
0.987
1.006
0.962
0.941
0.944
0.935
0.973
0.954
1.091
0.940
1.071
0.947
0.959
0.987
0.965
0.973
1.005
1.005
0.987
0.991
0.998
1.008
0.997
1.035
1.057
1.052
1.049
1.045
1.060
1.062
1.061
1.074
1.070
1.070
1.070
1.063
1.118
1.045
0.947
0.916
0.820
0.827
0.841
0.862
0.827
0.825
0.842
0.834
0.829
0.868
0.877
0.847
0.848
0.852
0.879
0.862
0.853
0.869
0.847
0.870
0.868
0.859
0.836
0.831
0.820
0.795
0.820
0.813
0.802
0.892
0.931
0.856
0.829
0.835
0.822
0.823
0.902
0.917
0.840
0.825
0.797
0.000
0.846
0.768
0.836
0.824
0.766
0.741
0.838
0.852
0.746
0.758
0.745
0.744
0.744
0.754
0.776
0.751
0.740
0.735
0.709
0.712
0.730
0.721
0.000
0.000
0.715
0.728
0.726
0.718
0.711
0.701
0.720
0.720
0.713
0.723
0.709
0.697
0.714
0.715
0.721
0.681
0.902
0.857
0.693
0.697
0.684
0.690
1.287
1.237
0.678
0.671
0.697
0.795
0.808
0.751
1.053
1.042
0.717
0.709
0.710
0.714
0.657
0.676
0.669
0.681
0.671
0.658
0.663
0.768
0.793
0.724
0.733
0.676
0.679
0.666
0.698
0.710
0.000
0.637
0.655
0.666
0.689
0.668
0.697
0.932
0.930
0.700
0.831
0.879
0.575
0.665
0.988
0.691
0.724
0.972
0.981
0.705
0.688
0.671
0.669
0.000
0.956
0.672
0.645
0.815
0.713
0.000
0.630
0.000
0.000
1.195
1.165
0.885
0.867
0.925
0.902
0.807
0.807
0.827
0.853
0.851
0.853
0.859
0.873
0.883
0.895
0.960
0.931
0.899
0.893
0.883
0.906
1.111
1.140
0.963
0.911
0.869
0.903
0.921
0.915
0.944
0.954
0.957
0.946
0.944
0.966
0.965
0.937
0.967
0.975
0.984
0.989
0.982
0.998
1.025
1.057
1.137
1.144
1.021
1.008
1.023
1.032
0.990
1.034
1.152
1.181
1.153
1.069
1.052
1.117
1.145
1.108
1.071
1.108
1.143
1.174
1.212
1.250
1.267
1.181
1.224
1.217
1.220
1.228
1.242
1.248
1.263
1.278
1.288
1.298
1.294
1.325
1.323
1.333
1.319
1.297
1.289
1.265
1.290
1.226
1.169
1.134
1.114
1.098
1.067
1.047
1.027
1.014
1.164
1.140
1.011
0.997
1.010
1.016
1.017
1.020
1.015
1.021
1.024
1.018
1.028
1.020
1.006
1.020
1.009
1.020
1.012
1.008
1.000
1.002
0.994
0.994
0.994
0.992
1.066
1.079
1.033
1.041
1.016
1.020
1.147
1.185
1.042
1.055
1.042
1.063
1.069
1.084
1.098
1.199
1.238
1.132
1.160
1.224
1.127
1.132
1.127
1.143
1.266
1.268
1.215
1.323
1.290
1.196
1.209
1.192
1.220
1.233
1.238
1.236
1.244
1.208
1.122
1.118
1.046
0.985
0.940
0.932
0.945
0.926
1.069
0.927
1.055
0.943
0.939
0.975
0.950
0.954
0.979
0.979
0.969
0.970
0.982
0.978
0.984
1.021
1.039
1.025
1.021
1.015
1.026
1.043
1.040
1.047
1.018
0.967
0.869
0.828
0.891
0.884
0.867
0.868
0.796
0.804
0.819
0.831
0.811
0.802
0.828
0.810
0.806
0.852
0.864
0.818
0.813
0.827
0.840
0.830
0.820
0.821
0.819
0.818
0.790
0.809
0.821
0.794
0.801
0.782
0.813
0.785
0.788
0.855
0.894
0.829
0.812
0.810
0.785
0.792
0.879
0.887
0.803
0.780
0.796
0.000
0.791
0.742
0.815
0.794
0.745
0.709
0.809
0.819
0.718
0.730
0.715
0.719
0.721
0.713
0.734
0.704
0.704
0.708
0.694
0.698
0.705
0.708
0.000
0.000
0.686
0.690
0.703
0.679
0.673
0.671
0.692
0.696
0.682
0.686
0.673
0.664
0.694
0.682
0.690
0.651
0.845
0.825
0.663
0.677
0.647
0.662
1.205
1.158
0.641
0.636
0.670
0.771
0.779
0.721
1.002
0.972
0.670
0.658
0.672
0.682
0.641
0.642
0.647
0.664
0.652
0.634
0.632
0.742
0.764
0.718
0.687
0.637
0.650
0.649
0.674
0.677
0.000
0.629
0.622
0.632
0.655
0.653
0.660
0.862
0.494
0.655
0.818
0.818
0.569
0.658
1.001
0.650
0.676
0.861
0.415
0.663
0.797
0.634
0.653
0.000
0.808
0.643
1.181
0.784
0.700
0.000
0.643
0.000
0.000
1.129
1.102
0.833
0.818
0.881
0.855
0.769
0.772
0.792
0.813
0.810
0.815
0.829
0.841
0.850
0.862
0.926
0.904
0.868
0.863
0.854
0.878
1.087
1.112
0.944
0.891
0.853
0.899
0.914
0.910
0.943
0.961
0.970
0.964
0.968
0.996
0.998
0.976
1.008
1.026
1.046
1.054
1.061
1.077
1.113
1.162
1.246
1.278
1.138
1.127
1.162
1.183
1.117
1.160
1.312
1.353
1.336
1.258
1.251
1.329
1.358
1.311
1.266
1.313
1.328
1.345
1.374
1.376
1.363
1.220
1.233
1.194
1.131
1.075
1.043
1.014
0.986
0.964
0.942
0.934
0.911
0.922
0.910
0.911
0.892
0.887
0.894
0.892
0.927
0.902
0.887
0.892
0.896
0.912
0.909
0.915
0.909
0.913
1.040
1.044
0.925
0.922
0.928
0.942
0.946
0.949
0.952
0.956
0.973
0.959
0.971
0.984
0.985
0.992
0.983
1.015
1.008
1.005
1.000
1.015
1.011
1.015
1.017
1.015
1.105
1.083
1.036
1.052
1.023
1.022
1.151
1.150
1.005
1.009
0.994
1.000
1.001
1.005
1.015
1.110
1.136
1.042
1.063
1.091
1.031
1.032
1.039
1.046
1.157
1.167
1.120
1.235
1.195
1.109
1.126
1.116
1.145
1.142
1.152
1.170
1.188
1.188
1.202
1.128
1.189
1.152
1.094
1.049
1.026
0.971
1.043
0.925
1.039
0.906
0.926
0.953
0.928
0.941
0.948
0.959
0.959
0.968
0.971
0.976
0.964
1.003
1.028
1.014
1.002
0.995
0.991
0.951
0.871
0.802
0.776
0.768
0.768
0.758
0.844
0.840
0.842
0.830
0.770
0.779
0.792
0.814
0.787
0.782
0.803
0.786
0.792
0.808
0.803
0.754
0.769
0.769
0.783
0.753
0.757
0.766
0.763
0.783
0.775
0.770
0.779
0.773
0.769
0.757
0.799
0.784
0.766
0.825
0.857
0.786
0.760
0.777
0.753
0.749
0.848
0.860
0.780
0.754
0.716
0.000
0.732
0.705
0.782
0.756
0.711
0.696
0.766
0.782
0.693
0.699
0.673
0.661
0.661
0.666
0.691
0.669
0.663
0.669
0.662
0.656
0.669
0.667
0.000
0.000
0.658
0.655
0.660
0.661
0.648
0.642
0.662
0.664
0.653
0.646
0.637
0.644
0.648
0.647
0.650
0.632
0.828
0.794
0.631
0.636
0.623
0.622
1.166
1.137
0.619
0.622
0.644
0.726
0.752
0.683
0.938
0.929
0.656
0.660
0.668
0.652
0.594
0.624
0.619
0.637
0.623
0.615
0.619
0.707
0.730
0.672
0.670
0.614
0.617
0.625
0.637
0.647
0.000
0.592
0.608
0.600
0.633
0.598
0.649
0.761
0.866
0.611
0.762
0.853
0.687
0.643
0.932
0.622
0.735
0.892
0.533
0.643
0.772
0.608
0.610
0.000
0.890
0.612
0.707
0.770
0.662
0.000
0.639
0.000
0.000
1.243
1.222
0.914
0.922
0.985
0.963
0.884
0.902
0.927
0.957
0.933
0.943
0.980
1.006
1.025
1.040
1.122
1.095
1.050
1.045
1.044
1.100
1.355
1.399
1.201
1.119
1.054
1.142
1.213
1.214
1.266
1.297
1.315
1.314
1.326
1.375
1.386
1.350
1.398
1.432
1.448
1.457
1.454
1.453
1.476
1.514
1.593
1.582
1.346
1.278
1.259
1.223
1.149
1.137
1.229
1.204
1.142
1.003
0.981
1.019
1.001
0.942
0.918
0.941
0.940
0.950
0.962
1.003
1.001
0.916
0.948
0.941
0.932
0.920
0.925
0.929
0.931
0.936
0.936
0.946
0.936
0.957
0.953
0.964
0.957
0.948
0.952
0.960
1.002
0.977
0.960
0.962
0.967
0.980
0.967
0.971
0.965
0.961
1.095
1.083
0.959
0.952
0.953
0.961
0.967
0.972
0.969
0.964
0.976
0.981
0.980
1.002
0.992
0.988
0.985
1.011
1.005
1.003
1.000
1.006
1.016
1.010
1.014
1.014
1.092
1.094
1.054
1.061
1.045
1.045
1.178
1.212
1.069
1.069
1.051
1.077
1.091
1.100
1.117
1.219
1.258
1.152
1.177
1.251
1.127
1.134
1.132
1.133
1.244
1.255
1.190
1.296
1.258
1.157
1.178
1.161
1.189
1.190
1.213
1.217
1.230
1.241
1.270
1.176
1.272
1.283
1.277
1.282
1.288
1.228
1.255
1.152
1.170
1.026
1.019
1.043
1.014
1.038
1.048
1.056
1.037
1.043
1.065
1.057
1.063
1.104
1.088
1.025
0.916
0.850
0.824
0.824
0.816
0.808
0.803
0.804
0.810
0.823
0.885
0.897
0.884
0.889
0.808
0.806
0.810
0.827
0.794
0.789
0.802
0.797
0.793
0.830
0.846
0.800
0.798
0.806
0.815
0.800
0.799
0.814
0.804
0.824
0.806
0.817
0.820
0.814
0.811
0.799
0.852
0.831
0.834
0.905
0.926
0.860
0.825
0.826
0.808
0.795
0.898
0.900
0.817
0.790
0.763
0.000
0.777
0.748
0.820
0.814
0.748
0.724
0.806
0.803
0.699
0.713
0.701
0.690
0.689
0.696
0.720
0.710
0.682
0.697
0.696
0.691
0.694
0.712
0.000
0.000
0.696
0.700
0.689
0.696
0.688
0.682
0.703
0.706
0.695
0.688
0.685
0.664
0.692
0.681
0.685
0.659
0.850
0.837
0.662
0.651
0.652
0.650
1.204
1.181
0.647
0.627
0.676
0.780
0.782
0.732
0.972
0.957
0.674
0.678
0.691
0.684
0.643
0.656
0.658
0.664
0.653
0.649
0.644
0.754
0.739
0.724
0.671
0.636
0.654
0.650
0.681
0.679
0.000
0.636
0.633
0.639
0.665
0.637
0.655
0.847
0.978
0.674
0.814
0.698
0.585
0.677
0.976
0.669
0.686
0.862
0.560
0.663
0.654
0.644
0.641
0.000
0.567
0.647
0.732
0.781
0.667
0.000
0.585
0.000
0.000
1.599
1.594
1.197
1.243
1.370
1.301
1.288
1.374
1.428
1.450
1.368
1.416
1.547
1.609
1.635
1.652
1.757
1.700
1.635
1.590
1.562
1.590
1.935
1.919
1.552
1.409
1.307
1.301
1.235
1.173
1.171
1.133
1.096
1.058
1.030
1.028
1.005
0.975
0.989
0.982
0.988
0.973
0.956
0.964
0.990
1.014
1.078
1.084
0.954
0.935
0.947
0.953
0.925
0.957
1.058
1.056
1.031
0.933
0.915
0.960
0.974
0.928
0.894
0.917
0.921
0.941
0.960
0.989
0.982
0.896
0.929
0.921
0.908
0.896
0.901
0.897
0.897
0.899
0.901
0.898
0.885
0.908
0.904
0.910
0.910
0.898
0.903
0.910
0.948
0.918
0.907
0.912
0.924
0.936
0.932
0.931
0.923
0.927
1.060
1.052
0.940
0.932
0.934
0.945
0.950
0.958
0.960
0.957
0.975
0.968
0.971
0.992
0.991
0.993
0.981
1.006
0.997
1.000
1.000
1.013
1.019
1.013
1.016
1.020
1.102
1.098
1.067
1.076
1.064
1.078
1.192
1.213
1.076
1.091
1.077
1.104
1.112
1.129
1.145
1.258
1.291
1.170
1.214
1.243
1.184
1.202
1.183
1.173
1.346
1.372
1.288
1.406
1.369
1.259
1.281
1.265
1.292
1.297
1.303
1.305
1.331
1.326
1.348
1.258
1.346
1.358
1.360
1.378
1.418
1.398
1.568
1.370
1.487
1.252
1.205
1.195
1.134
1.129
1.135
1.151
1.127
1.132
1.106
1.063
0.961
0.928
0.897
0.848
0.842
0.830
0.831
0.834
0.829
0.821
0.811
0.810
0.793
0.800
0.876
0.869
0.853
0.868
0.793
0.795
0.818
0.835
0.806
0.787
0.810
0.806
0.804
0.829
0.845
0.809
0.814
0.824
0.831
0.827
0.832
0.839
0.841
0.845
0.847
0.850
0.863
0.854
0.846
0.847
0.889
0.885
0.862
0.943
0.977
0.912
0.882
0.881
0.854
0.841
0.932
0.941
0.837
0.808
0.804
0.000
0.801
0.775
0.828
0.819
0.740
0.713
0.805
0.815
0.704
0.725
0.723
0.689
0.702
0.702
0.743
0.722
0.717
0.729
0.725
0.718
0.732
0.740
0.000
0.000
0.722
0.721
0.732
0.725
0.717
0.707
0.727
0.721
0.703
0.684
0.692
0.681
0.695
0.677
0.694
0.665
0.897
0.869
0.668
0.686
0.677
0.670
1.261
1.245
0.670
0.668
0.683
0.783
0.776
0.747
1.023
0.984
0.692
0.713
0.709
0.708
0.641
0.653
0.671
0.692
0.678
0.671
0.652
0.783
0.774
0.752
0.714
0.665
0.675
0.652
0.698
0.702
0.000
0.636
0.641
0.651
0.678
0.654
0.674
0.892
0.721
0.672
0.789
0.955
0.649
0.686
0.997
0.686
0.731
1.149
0.733
0.696
0.652
0.669
0.655
0.000
0.736
0.666
0.742
0.819
0.672
0.000
0.667
0.000
0.000
1.510
1.506
1.135
1.164
1.278
1.221
1.202
1.285
1.333
1.356
1.285
1.330
1.443
1.496
1.530
1.548
1.656
1.608
1.547
1.510
1.484
1.511
1.849
1.841
1.494
1.363
1.254
1.259
1.190
1.136
1.136
1.101
1.063
1.026
1.002
0.995
0.977
0.942
0.957
0.949
0.955
0.940
0.925
0.927
0.955
0.980
1.047
1.044
0.917
0.898
0.914
0.920
0.896
0.920
1.024
1.024
0.992
0.909
0.892
0.932
0.948
0.905
0.869
0.891
0.903
0.916
0.934
0.963
0.965
0.875
0.907
0.895
0.881
0.871
0.877
0.878
0.871
0.880
0.878
0.884
0.873
0.891
0.892
0.897
0.893
0.882
0.888
0.884
0.924
0.904
0.895
0.898
0.914
0.925
0.918
0.917
0.912
0.917
1.041
1.046
0.929
0.916
0.931
0.937
0.953
0.958
0.951
0.955
0.954
0.969
0.967
0.962
0.982
0.991
0.994
1.014
1.007
1.006
1.000
1.013
1.032
1.025
1.032
1.035
1.117
1.116
1.076
1.088
1.078
1.087
1.211
1.244
1.103
1.112
1.098
1.125
1.140
1.159
1.167
1.294
1.329
1.190
1.237
1.311
1.216
1.224
1.225
1.203
1.385
1.391
1.308
1.433
1.393
1.270
1.292
1.274
1.311
1.325
1.316
1.333
1.351
1.342
1.320
1.254
1.277
1.200
1.152
1.110
1.129
1.097
1.243
1.079
1.228
1.085
1.070
1.082
0.995
0.916
0.872
0.847
0.814
0.799
0.797
0.807
0.791
0.812
0.821
0.787
0.775
0.766
0.768
0.767
0.763
0.764
0.760
0.763
0.753
0.763
0.837
0.819
0.824
0.827
0.763
0.774
0.798
0.819
0.782
0.779
0.804
0.792
0.784
0.820
0.828
0.799
0.808
0.819
0.826
0.804
0.799
0.812
0.812
0.820
0.822
0.828
0.826
0.836
0.832
0.820
0.845
0.818
0.818
0.870
0.913
0.827
0.767
0.757
0.725
0.712
0.794
0.784
0.688
0.678
0.717
0.000
0.703
0.691
0.773
0.735
0.690
0.679
0.761
0.780
0.675
0.691
0.663
0.662
0.664
0.689
0.712
0.708
0.675
0.689
0.675
0.672
0.672
0.695
0.000
0.000
0.666
0.649
0.650
0.640
0.631
0.633
0.643
0.651
0.636
0.636
0.626
0.622
0.644
0.639
0.663
0.636
0.846
0.792
0.633
0.641
0.627
0.617
1.222
1.140
0.623
0.616
0.644
0.732
0.735
0.673
0.969
0.912
0.642
0.656
0.658
0.663
0.617
0.624
0.625
0.636
0.615
0.611
0.607
0.705
0.722
0.692
0.643
0.622
0.614
0.607
0.633
0.636
0.000
0.600
0.595
0.611
0.626
0.606
0.644
0.767
0.587
0.634
0.769
0.486
0.692
0.639
0.917
0.646
0.706
0.906
0.750
0.637
0.549
0.607
0.627
0.000
0.704
0.616
0.413
0.755
0.658
0.000
0.580
0.000
0.000
2.173
2.034
1.437
1.383
1.390
1.301
1.169
1.160
1.142
1.108
1.056
1.038
1.037
1.028
1.007
1.001
1.048
0.984
0.913
0.908
0.890
0.895
1.645
1.706
1.256
0.879
1.027
1.132
0.853
0.865
0.754
0.850
0.848
0.836
0.829
0.838
0.835
0.817
0.833
0.835
0.845
0.842
0.830
0.837
0.865
0.896
0.955
0.946
0.839
0.819
0.832
0.839
0.844
0.877
0.970
0.971
0.922
0.843
0.818
0.867
0.892
0.844
0.821
0.846
0.853
0.878
0.904
0.932
0.935
0.846
0.875
0.877
0.867
0.854
0.857
0.858
0.859
0.865
0.867
0.875
0.865
0.884
0.877
0.884
0.884
0.879
0.878
0.890
0.920
0.905
0.889
0.899
0.903
0.910
0.912
0.923
0.914
0.918
1.054
1.041
0.934
0.921
0.935
0.939
0.943
0.950
0.950
0.953
0.972
0.963
0.966
1.006
0.987
0.985
0.985
1.008
1.004
0.999
1.000
1.011
1.012
1.019
1.022
1.026
1.100
1.116
1.077
1.087
1.065
1.076
1.204
1.233
1.083
1.105
1.080
1.113
1.136
1.148
1.147
1.281
1.323
1.192
1.234
1.294
1.211
1.225
1.232
1.209
1.413
1.420
1.334
1.464
1.435
1.315
1.351
1.334
1.370
1.374
1.382
1.407
1.431
1.437
1.483
1.365
1.485
1.488
1.497
1.514
1.572
1.555
1.765
1.534
1.710
1.481
1.413
1.345
1.211
1.150
1.055
1.001
0.921
0.865
0.847
0.819
0.794
0.807
0.816
0.785
0.783
0.772
0.780
0.778
0.776
0.785
0.768
0.776
0.773
0.775
0.855
0.858
0.845
0.854
0.786
0.787
0.818
0.836
0.807
0.808
0.820
0.826
0.814
0.855
0.852
0.816
0.831
0.836
0.855
0.849
0.845
0.847
0.855
0.865
0.865
0.870
0.882
0.878
0.880
0.876
0.924
0.901
0.901
0.996
1.032
0.958
0.934
0.919
0.891
0.879
0.955
0.926
0.796
0.751
0.838
0.000
0.764
0.721
0.804
0.787
0.729
0.712
0.793
0.810
0.706
0.715
0.712
0.708
0.712
0.716
0.744
0.731
0.725
0.738
0.720
0.727
0.739
0.751
0.000
0.000
0.739
0.738
0.741
0.734
0.725
0.715
0.724
0.711
0.687
0.675
0.677
0.666
0.675
0.683
0.700
0.671
0.875
0.877
0.661
0.688
0.675
0.679
1.284
1.211
0.670
0.679
0.696
0.780
0.781
0.739
1.011
0.987
0.680
0.696
0.697
0.699
0.649
0.666
0.680
0.693
0.680
0.669
0.656
0.746
0.771
0.739
0.725
0.653
0.657
0.669
0.689
0.698
0.000
0.654
0.655
0.657
0.680
0.665
0.674
0.931
0.958
0.684
0.898
0.793
0.521
0.713
1.001
0.688
0.818
0.932
0.655
0.692
0.782
0.676
0.668
0.000
0.682
0.664
0.690
0.819
0.704
0.000
0.634
0.000
0.000
1.954
1.929
1.406
1.384
1.519
1.494
1.326
1.332
1.371
1.446
1.487
1.514
1.510
1.523
1.556
1.604
1.700
1.642
1.592
1.552
1.515
1.550
1.857
1.843
1.515
1.308
1.179
1.228
1.254
1.184
1.175
1.135
1.100
1.054
1.025
1.020
0.995
0.950
0.965
0.964
0.968
0.952
0.941
0.942
0.960
0.991
1.043
1.046
0.931
0.919
0.931
0.929
0.903
0.935
1.029
1.036
1.000
0.918
0.891
0.933
0.959
0.913
0.879
0.896
0.919
0.923
0.938
0.966
0.964
0.891
0.914
0.915
0.893
0.885
0.889
0.893
0.885
0.882
0.889
0.894
0.885
0.903
0.894
0.899
0.900
0.887
0.900
0.896
0.927
0.907
0.895
0.907
0.915
0.920
0.915
0.924
0.919
0.920
1.055
1.046
0.931
0.922
0.934
0.941
0.943
0.946
0.947
0.949
0.957
0.962
0.963
0.967
0.970
0.973
0.978
1.009
1.002
0.988
1.000
1.011
1.006
1.006
1.022
1.019
1.107
1.110
1.064
1.076
1.060
1.067
1.195
1.223
1.076
1.091
1.092
1.100
1.120
1.134
1.141
1.257
1.301
1.175
1.221
1.243
1.186
1.194
1.190
1.188
1.355
1.373
1.298
1.424
1.376
1.260
1.284
1.269
1.293
1.288
1.277
1.293
1.314
1.315
1.350
1.266
1.359
1.349
1.355
1.353
1.349
1.274
1.303
1.181
1.251
1.085
1.104
1.121
1.105
1.108
1.114
1.085
1.018
0.964
0.911
0.851
0.824
0.833
0.845
0.818
0.812
0.805
0.804
0.791
0.795
0.784
0.777
0.779
0.784
0.774
0.847
0.850
0.838
0.841
0.764
0.781
0.797
0.820
0.786
0.784
0.804
0.795
0.783
0.825
0.827
0.795
0.802
0.811
0.834
0.813
0.808
0.822
0.821
0.831
0.825
0.837
0.847
0.843
0.842
0.836
0.878
0.848
0.849
0.915
0.970
0.881
0.845
0.839
0.818
0.791
0.873
0.846
0.747
0.731
0.787
0.000
0.769
0.712
0.775
0.788
0.710
0.694
0.775
0.774
0.695
0.701
0.694
0.681
0.695
0.690
0.726
0.701
0.699
0.705
0.691
0.709
0.711
0.735
0.000
0.000
0.700
0.697
0.687
0.679
0.666
0.676
0.695
0.679
0.676
0.680
0.654
0.655
0.656
0.669
0.682
0.646
0.842
0.852
0.639
0.662
0.652
0.655
1.242
1.174
0.641
0.647
0.677
0.778
0.747
0.706
0.959
0.939
0.640
0.673
0.686
0.673
0.640
0.642
0.638
0.656
0.651
0.639
0.643
0.736
0.754
0.734
0.673
0.635
0.646
0.638
0.674
0.663
0.000
0.618
0.619
0.628
0.665
0.637
0.646
0.981
1.008
0.633
0.868
0.644
0.519
0.642
1.021
0.650
0.800
0.991
0.676
0.654
0.663
0.632
0.659
0.000
0.934
0.624
0.680
0.800
0.678
0.000
0.645
0.000
0.000
1.309
1.283
0.954
0.938
1.005
0.996
0.877
0.883
0.906
0.946
0.965
0.971
0.962
0.972
0.992
1.028
1.110
1.074
1.053
1.073
1.056
1.067
1.355
1.410
1.188
1.143
1.099
1.156
1.167
1.174
1.230
1.252
1.267
1.274
1.286
1.323
1.336
1.311
1.369
1.386
1.407
1.413
1.410
1.417
1.441
1.471
1.526
1.516
1.333
1.282
1.254
1.209
1.068
1.046
1.161
1.145
1.101
0.988
0.941
0.972
0.998
0.935
0.891
0.907
0.916
0.939
0.950
0.984
0.984
0.899
0.928
0.923
0.918
0.908
0.914
0.918
0.915
0.919
0.924
0.924
0.922
0.933
0.945
0.954
0.952
0.943
0.955
0.957
0.996
0.974
0.959
0.965
0.969
0.988
0.978
0.974
0.964
0.966
1.109
1.083
0.970
0.952
0.958
0.965
0.976
0.968
0.966
0.972
0.974
0.969
0.985
0.966
0.971
0.984
0.987
1.011
1.002
0.999
1.000
1.011
1.012
1.016
1.022
1.025
1.103
1.113
1.073
1.083
1.059
1.075
1.204
1.231
1.084
1.103
1.074
1.097
1.102
1.119
1.127
1.233
1.255
1.124
1.148
1.201
1.116
1.124
1.126
1.103
1.268
1.275
1.218
1.325
1.294
1.194
1.223
1.215
1.232
1.251
1.253
1.271
1.275
1.273
1.204
1.195
1.132
1.035
0.999
0.983
1.010
0.991
1.153
0.994
1.119
0.998
1.042
1.050
1.033
1.044
1.061
1.057
1.053
1.028
0.989
0.920
0.867
0.843
0.825
0.799
0.787
0.786
0.785
0.795
0.791
0.810
0.803
0.790
0.787
0.791
0.859
0.854
0.845
0.840
0.763
0.778
0.796
0.804
0.776
0.767
0.796
0.782
0.777
0.815
0.826
0.784
0.790
0.788
0.801
0.785
0.782
0.790
0.778
0.801
0.793
0.803
0.816
0.802
0.791
0.775
0.809
0.788
0.785
0.856
0.891
0.814
0.815
0.796
0.757
0.751
0.798
0.785
0.715
0.710
0.682
0.000
0.745
0.704
0.772
0.765
0.694
0.686
0.765
0.762
0.675
0.691
0.669
0.659
0.666
0.669
0.701
0.680
0.675
0.680
0.670
0.663
0.666
0.683
0.000
0.000
0.654
0.653
0.658
0.649
0.645
0.632
0.669
0.670
0.638
0.648
0.636
0.627
0.634
0.639
0.638
0.618
0.810
0.806
0.635
0.634
0.622
0.632
1.166
1.115
0.620
0.604
0.633
0.728
0.745
0.683
0.963
0.922
0.647
0.641
0.663
0.639
0.601
0.621
0.621
0.637
0.602
0.627
0.608
0.713
0.720
0.695
0.655
0.624
0.627
0.620
0.633
0.640
0.000
0.604
0.603
0.601
0.641
0.607
0.625
0.870
0.686
0.654
0.808
0.745
0.600
0.653
0.938
0.645
0.764
1.009
0.554
0.641
0.718
0.611
0.627
0.000
0.514
0.621
0.441
0.778
0.656
0.000
0.606
0.000
0.000
1.198
1.183
0.889
0.866
0.929
0.916
0.810
0.815
0.835
0.869
0.880
0.885
0.884
0.895
0.904
0.934
1.004
0.976
0.955
0.958
0.947
0.961
1.217
1.250
1.055
1.010
0.972
1.015
1.031
1.029
1.080
1.098
1.106
1.110
1.122
1.151
1.165
1.141
1.186
1.201
1.220
1.234
1.236
1.247
1.286
1.335
1.417
1.428
1.260
1.223
1.231
1.233
1.134
1.131
1.278
1.277
1.239
1.135
1.090
1.129
1.154
1.093
1.028
1.052
1.068
1.070
1.077
1.093
1.077
0.980
0.998
0.972
0.952
0.933
0.930
0.922
0.914
0.906
0.909
0.909
0.898
0.912
0.910
0.914
0.910
0.910
0.915
0.918
0.957
0.932
0.921
0.932
0.939
0.946
0.946
0.953
0.948
0.942
1.063
1.072
0.953
0.946
0.948
0.961
0.969
0.964
0.968
0.962
0.978
0.977
0.982
0.968
0.965
0.996
0.986
1.016
1.008
1.007
1.000
1.009
1.004
1.007
1.005
1.004
1.084
1.090
1.040
1.057
1.021
1.031
1.147
1.172
1.035
1.043
1.023
1.044
1.054
1.065
1.069
1.172
1.194
1.081
1.114
1.169
1.109
1.106
1.106
1.090
1.264
1.277
1.207
1.319
1.291
1.193
1.210
1.190
1.217
1.204
1.160
1.142
1.112
1.065
0.979
1.003
0.952
0.935
0.933
0.940
0.962
0.959
1.110
0.947
1.091
0.970
0.994
1.015
0.999
1.007
1.010
1.013
0.997
0.971
0.941
0.894
0.833
0.837
0.820
0.773
0.772
0.763
0.758
0.766
0.767
0.776
0.763
0.773
0.763
0.773
0.840
0.833
0.828
0.824
0.766
0.768
0.770
0.792
0.752
0.741
0.764
0.762
0.758
0.789
0.798
0.749
0.760
0.763
0.768
0.759
0.758
0.766
0.757
0.781
0.769
0.756
0.759
0.755
0.742
0.734
0.767
0.766
0.754
0.827
0.864
0.793
0.759
0.752
0.703
0.678
0.764
0.762
0.681
0.675
0.666
0.000
0.712
0.681
0.750
0.741
0.673
0.650
0.735
0.741
0.653
0.655
0.644
0.636
0.641
0.653
0.670
0.655
0.644
0.653
0.651
0.646
0.651
0.660
0.000
0.000
0.627
0.621
0.630
0.624
0.616
0.615
0.628
0.622
0.624
0.616
0.611
0.610
0.623
0.619
0.627
0.599
0.791
0.788
0.606
0.606
0.598
0.609
1.104
1.085
0.591
0.581
0.603
0.691
0.704
0.648
0.926
0.900
0.616
0.627
0.627
0.632
0.589
0.595
0.594
0.608
0.591
0.594
0.574
0.682
0.700
0.675
0.638
0.589
0.594
0.594
0.619
0.609
0.000
0.577
0.581
0.593
0.621
0.596
0.602
0.758
0.582
0.609
0.786
0.812
0.470
0.586
0.927
0.607
0.731
1.007
0.509
0.610
0.635
0.586
0.598
0.000
0.625
0.592
0.525
0.717
0.642
0.000
0.503
0.000
0.000
1.163
1.146
0.848
0.844
0.905
0.882
0.789
0.799
0.816
0.837
0.822
0.836
0.841
0.851
0.856
0.872
0.926
0.898
0.865
0.864
0.855
0.868
1.076
1.099
0.924
0.882
0.839
0.875
0.886
0.879
0.913
0.922
0.925
0.918
0.921
0.941
0.943
0.922
0.948
0.962
0.980
0.984
0.974
0.988
1.027
1.057
1.142
1.149
1.020
1.008
1.032
1.049
1.004
1.040
1.181
1.205
1.189
1.101
1.093
1.157
1.185
1.144
1.114
1.162
1.184
1.222
1.260
1.305
1.320
1.227
1.286
1.263
1.274
1.268
1.300
1.309
1.318
1.323
1.334
1.352
1.337
1.354
1.345
1.329
1.313
1.279
1.257
1.216
1.245
1.159
1.114
1.097
1.087
1.082
1.066
1.056
1.035
1.021
1.165
1.136
0.991
0.980
0.972
0.967
0.969
0.969
0.960
0.952
0.966
0.970
0.963
0.966
0.988
0.969
0.977
1.012
1.002
1.002
1.000
1.014
1.019
1.018
1.031
1.026
1.107
1.127
1.090
1.096
1.091
1.107
1.231
1.273
1.128
1.134
1.116
1.145
1.160
1.182
1.203
1.321
1.358
1.228
1.270
1.357
1.235
1.250
1.249
1.219
1.391
1.387
1.268
1.320
1.188
1.002
0.950
0.908
0.913
0.902
0.898
0.896
0.912
0.908
0.920
0.909
0.915
0.927
0.935
0.938
0.961
0.967
1.104
0.956
1.096
0.972
0.992
1.035
0.996
1.009
1.025
1.029
1.039
1.042
1.055
1.041
1.021
1.018
0.990
0.906
0.834
0.803
0.791
0.783
0.774
0.787
0.775
0.776
0.781
0.788
0.866
0.862
0.855
0.861
0.794
0.805
0.818
0.845
0.808
0.817
0.825
0.816
0.816
0.835
0.851
0.796
0.793
0.785
0.788
0.767
0.750
0.752
0.754
0.764
0.767
0.759
0.782
0.774
0.780
0.766
0.800
0.799
0.787
0.861
0.891
0.800
0.759
0.732
0.696
0.685
0.771
0.763
0.716
0.694
0.737
0.000
0.747
0.707
0.786
0.780
0.719
0.702
0.771
0.753
0.660
0.667
0.658
0.662
0.663
0.669
0.702
0.673
0.663
0.671
0.661
0.650
0.652
0.662
0.000
0.000
0.639
0.646
0.651
0.649
0.639
0.644
0.650
0.650
0.638
0.637
0.623
0.621
0.631
0.641
0.647
0.622
0.803
0.781
0.620
0.625
0.611
0.620
1.156
1.100
0.597
0.599
0.624
0.734
0.746
0.670
0.930
0.907
0.633
0.647
0.646
0.639
0.606
0.610
0.628
0.631
0.617
0.623
0.604
0.700
0.720
0.701
0.658
0.606
0.611
0.597
0.644
0.644
0.000
0.591
0.592
0.592
0.625
0.612
0.619
0.799
0.624
0.627
0.821
0.999
0.555
0.610
0.917
0.623
0.745
0.840
1.152
0.629
0.657
0.606
0.604
0.000
1.149
0.622
0.666
0.752
0.637
0.000
0.589
0.000
0.000
1.154
1.132
0.835
0.834
0.895
0.860
0.784
0.797
0.809
0.834
0.820
0.825
0.839
0.847
0.850
0.869
0.922
0.892
0.863
0.860
0.847
0.864
1.065
1.093
0.919
0.869
0.832
0.872
0.883
0.877
0.910
0.917
0.920
0.918
0.916
0.938
0.938
0.917
0.953
0.961
0.973
0.975
0.975
0.984
1.017
1.049
1.128
1.136
1.018
1.005
1.032
1.044
1.007
1.030
1.178
1.204
1.180
1.089
1.089
1.154
1.184
1.139
1.118
1.156
1.181
1.211
1.258
1.294
1.310
1.218
1.278
1.273
1.267
1.269
1.296
1.305
1.310
1.327
1.330
1.349
1.343
1.359
1.350
1.336
1.312
1.282
1.255
1.225
1.245
1.170
1.121
1.096
1.090
1.084
1.061
1.059
1.043
1.022
1.152
1.119
0.994
0.964
0.971
0.970
0.968
0.967
0.950
0.960
0.967
0.968
0.972
0.954
0.967
0.973
0.974
0.998
0.991
0.993
1.000
1.011
1.010
1.016
1.037
1.031
1.109
1.119
1.074
1.089
1.085
1.098
1.216
1.246
1.118
1.126
1.117
1.141
1.160
1.183
1.183
1.315
1.358
1.237
1.275
1.348
1.242
1.260
1.246
1.221
1.396
1.367
1.260
1.322
1.196
1.001
0.947
0.909
0.912
0.899
0.901
0.895
0.903
0.912
0.910
0.895
0.924
0.929
0.924
0.932
0.966
0.962
1.107
0.956
1.091
0.974
0.990
1.014
1.002
1.005
1.015
1.039
1.030
1.026
1.047
1.042
1.036
1.031
0.989
0.896
0.841
0.808
0.791
0.785
0.772
0.782
0.775
0.773
0.780
0.784
0.866
0.854
0.866
0.869
0.801
0.801
0.820
0.840
0.810
0.803
0.833
0.814
0.818
0.843
0.838
0.790
0.796
0.797
0.783
0.758
0.745
0.749
0.742
0.752
0.767
0.764
0.764
0.771
0.781
0.770
0.797
0.794
0.794
0.853
0.903
0.792
0.754
0.741
0.709
0.695
0.764
0.777
0.702
0.698
0.789
0.000
0.754
0.715
0.801
0.771
0.701
0.699
0.784
0.770
0.660
0.670
0.668
0.657
0.656
0.671
0.692
0.676
0.672
0.669
0.663
0.660
0.655
0.664
0.000
0.000
0.652
0.635
0.649
0.639
0.631
0.639
0.657
0.638
0.631
0.639
0.621
0.621
0.649
0.659
0.642
0.622
0.832
0.785
0.616
0.635
0.605
0.619
1.191
1.095
0.610
0.602
0.617
0.725
0.723
0.673
0.929
0.911
0.625
0.634
0.642
0.649
0.601
0.607
0.607
0.634
0.609
0.607
0.594
0.692
0.719
0.695
0.642
0.606
0.603
0.597
0.633
0.629
0.000
0.597
0.591
0.601
0.628
0.602
0.608
0.755
0.941
0.612
0.734
0.508
0.600
0.622
0.947
0.629
0.687
0.936
0.755
0.635
0.645
0.603
0.608
0.000
0.687
0.606
1.028
0.761
0.604
0.000
0.551
