353 180 0.0 2 3.0 3.0 0.01 0.02 0.0
500.000
0.000
0.000
1.022
1.032
1.006
0.993
1.014
1.020
1.006
1.013
1.023
1.012
1.002
1.012
0.995
1.023
1.025
0.996
1.019
0.987
0.982
1.022
1.015
1.019
1.019
0.998
1.011
1.020
1.024
1.016
1.039
1.021
1.027
1.018
1.042
1.021
1.017
1.017
0.990
0.993
1.002
1.026
1.011
1.040
1.012
1.004
1.036
1.012
1.022
1.015
1.031
1.004
1.008
1.020
1.000
1.024
1.023
1.042
1.009
1.007
1.059
1.081
1.103
1.151
1.155
1.277
1.339
1.437
1.588
1.709
1.879
2.110
2.253
2.476
2.738
2.945
3.095
3.288
3.459
3.394
3.137
2.115
1.356
1.031
1.059
1.029
1.065
1.010
1.049
1.010
1.033
1.057
0.994
0.987
1.069
1.021
0.988
1.040
0.990
1.020
1.031
1.020
1.013
0.989
1.023
0.978
0.950
1.060
0.975
1.010
1.016
1.060
0.986
1.053
1.032
1.074
1.042
0.978
1.012
0.993
1.000
1.031
1.007
0.971
0.977
1.033
1.009
0.989
0.985
1.042
1.005
1.027
0.995
1.029
1.028
1.015
1.056
0.999
1.058
1.023
1.013
0.985
1.038
1.054
1.066
0.991
1.022
1.011
1.017
1.026
0.958
1.013
1.043
1.082
1.001
1.041
1.007
0.965
1.006
1.022
1.011
1.029
0.994
1.021
1.064
1.012
1.058
1.023
1.014
1.058
0.951
1.020
0.963
1.085
1.038
1.047
0.994
1.109
0.989
1.031
1.058
1.053
1.013
1.021
0.965
1.077
0.955
0.958
1.046
0.967
1.029
1.022
0.907
0.974
0.981
0.943
1.025
1.010
1.011
1.023
1.050
0.991
0.999
0.957
1.006
1.026
1.060
1.042
1.010
1.038
0.974
0.989
0.984
0.963
0.970
1.096
0.999
1.035
1.086
1.089
1.011
0.982
0.979
0.978
1.050
0.990
0.969
0.973
0.994
1.002
1.070
1.014
0.927
1.008
1.047
0.970
0.963
1.012
1.041
1.108
0.978
0.991
1.032
0.994
1.070
1.001
0.998
1.028
1.004
0.999
0.999
0.997
1.065
0.975
1.075
0.953
0.964
1.000
1.075
1.036
1.014
1.077
1.049
1.032
1.040
1.015
1.042
0.978
1.014
0.987
1.058
1.041
1.026
1.022
0.978
0.986
1.027
1.020
0.960
1.121
1.030
1.042
0.990
0.952
0.997
1.083
0.898
1.076
1.031
0.945
1.019
1.038
0.933
1.083
0.993
1.075
1.015
1.026
1.051
1.010
1.006
1.045
0.992
0.984
0.996
0.981
0.970
0.962
1.056
1.092
1.102
1.027
1.079
1.074
1.016
0.970
0.966
1.009
1.089
0.983
0.997
0.990
1.053
1.099
0.975
1.092
1.032
1.069
0.983
0.996
0.923
1.118
0.962
1.065
1.066
0.998
1.054
1.036
1.081
1.064
1.160
0.994
0.968
1.142
0.954
0.894
1.040
0.941
1.059
1.030
0.983
1.071
500.000
0.000
0.000
0.975
0.944
0.953
0.956
0.939
0.979
0.993
0.966
0.966
0.978
0.956
0.949
0.927
1.006
0.947
0.937
0.977
0.937
0.964
0.982
0.976
0.975
0.978
0.955
0.982
0.973
0.975
0.977
0.975
0.976
0.977
0.933
0.966
0.950
0.968
0.951
0.946
0.975
0.977
0.985
0.966
0.994
0.958
0.965
0.985
0.947
1.000
0.958
0.995
0.961
0.957
0.988
0.977
0.968
0.977
0.979
0.952
0.971
0.973
0.987
0.950
0.981
0.976
1.002
0.999
1.021
1.048
1.084
1.089
1.190
1.215
1.272
1.484
1.632
1.717
1.949
2.117
2.285
2.480
2.648
2.857
2.940
3.105
3.041
2.984
1.992
1.305
1.056
0.947
1.002
0.949
0.967
1.005
0.969
0.996
0.956
0.947
1.015
0.980
0.955
0.992
0.948
0.955
0.954
0.966
1.040
0.949
0.970
0.986
0.969
0.953
0.950
0.949
1.001
0.955
0.988
0.946
1.042
1.000
1.003
0.999
0.957
0.934
0.966
0.994
0.982
1.006
0.982
0.990
0.969
0.967
0.920
0.978
0.973
0.986
0.955
0.970
0.991
0.973
0.975
1.016
1.023
0.954
0.988
0.977
0.989
0.965
0.934
0.955
0.940
0.982
0.976
0.958
0.948
1.000
0.946
0.922
1.001
0.989
0.963
0.948
1.029
0.991
0.980
1.008
0.997
1.026
0.986
0.920
1.024
0.975
1.036
0.938
0.932
0.960
0.987
0.935
0.953
1.037
0.968
1.019
0.963
0.984
1.014
0.987
0.964
0.950
0.959
0.959
0.883
0.918
0.940
0.951
0.914
0.979
0.985
0.973
1.018
0.974
0.919
0.994
0.925
0.945
0.958
0.995
1.014
0.946
0.992
0.879
0.948
0.929
0.991
0.929
0.933
0.929
1.013
0.972
0.957
0.991
0.929
1.023
0.916
1.073
0.959
0.893
0.927
1.002
0.957
0.944
0.930
0.959
0.878
0.909
1.013
0.936
0.955
0.968
0.955
0.921
0.890
1.027
0.873
0.986
0.961
0.970
0.999
0.983
0.920
0.971
0.972
0.939
0.976
1.086
0.891
0.907
0.950
1.001
0.988
0.945
0.941
1.019
0.901
0.980
1.041
1.001
0.924
0.981
0.939
1.024
0.901
0.936
1.000
1.027
1.034
0.943
0.962
0.915
1.053
0.968
1.000
0.924
0.918
0.929
0.929
0.881
1.062
0.923
0.998
1.031
1.025
0.934
0.980
0.949
1.060
0.985
0.960
1.085
0.932
0.893
1.028
0.915
0.931
1.016
0.986
0.939
0.916
0.987
1.012
0.993
1.002
1.102
1.008
0.970
0.978
0.944
1.019
0.987
0.977
0.933
0.917
0.976
1.030
1.014
1.043
0.969
0.975
0.974
1.029
0.843
0.961
0.997
0.936
0.916
0.985
0.933
1.071
1.023
1.005
1.007
0.903
0.962
0.974
0.917
0.944
0.937
0.921
0.976
1.041
0.905
0.918
500.000
0.000
0.000
1.021
1.013
1.021
0.991
1.021
1.032
1.025
1.020
1.041
1.036
1.013
1.030
0.989
1.041
1.029
1.040
1.027
1.002
1.033
1.029
1.034
1.048
1.032
1.025
1.030
1.024
1.031
1.009
1.048
1.020
1.020
1.009
1.066
1.000
1.018
1.020
1.016
1.033
1.007
1.030
1.004
1.055
1.030
1.008
1.043
0.989
1.010
1.008
1.026
1.017
1.030
1.021
1.012
1.040
1.086
1.031
1.052
1.055
1.028
1.062
1.022
1.026
1.038
1.056
1.104
1.061
1.128
1.121
1.179
1.193
1.304
1.361
1.510
1.655
1.809
1.981
2.226
2.388
2.585
2.726
2.949
3.067
3.296
3.409
3.400
2.354
1.473
1.185
1.007
1.101
1.023
1.005
1.056
1.039
1.018
1.038
1.045
1.039
1.048
1.064
1.052
1.034
1.018
1.024
1.004
1.056
1.006
1.007
1.022
1.097
1.003
1.038
1.039
1.023
1.059
0.988
0.953
1.035
1.000
0.994
1.016
1.024
1.017
1.024
0.988
1.062
1.006
1.083
0.999
1.015
0.999
0.959
1.058
1.039
1.106
0.981
1.014
0.959
1.006
0.985
1.013
1.060
1.003
1.018
0.994
1.045
1.053
1.061
1.000
1.028
1.094
1.022
1.067
1.085
1.068
1.041
0.947
1.009
1.008
1.009
0.996
1.036
0.972
0.950
1.049
1.054
1.011
1.008
0.989
1.138
1.040
1.107
1.027
1.082
1.010
1.048
1.037
1.061
0.976
1.009
1.021
0.979
0.991
1.033
0.997
0.981
1.020
0.975
1.068
0.929
0.967
1.010
1.063
1.021
1.028
1.019
1.010
1.007
1.032
0.973
0.952
1.012
0.991
1.054
1.005
1.089
1.033
1.075
1.005
1.011
1.022
0.982
0.938
0.977
1.022
1.076
1.071
1.059
1.027
1.082
1.056
0.953
1.050
1.054
1.060
0.974
1.038
0.996
1.057
0.987
1.054
1.035
0.952
1.045
0.975
1.006
1.017
0.958
1.000
1.016
1.011
0.945
1.053
0.950
1.009
0.961
1.072
0.894
0.938
1.094
0.997
1.013
1.094
1.022
0.960
1.107
1.115
1.011
1.026
0.986
1.035
1.039
1.049
1.027
0.998
0.926
0.967
1.016
1.012
0.939
1.025
1.107
1.047
1.037
0.954
1.062
1.016
1.109
0.988
0.968
1.024
0.978
1.037
1.001
0.960
1.061
1.042
1.039
1.082
1.077
0.913
1.051
1.016
1.032
1.073
1.013
0.933
1.071
1.025
1.087
0.988
0.989
0.950
0.983
1.014
1.031
0.934
1.109
1.127
0.977
1.114
1.108
0.992
0.935
1.042
1.062
1.106
1.076
0.957
0.941
1.020
1.091
1.029
1.103
1.098
1.144
1.050
1.052
1.008
1.110
1.000
1.053
1.053
1.060
1.023
1.130
1.101
1.072
1.058
0.979
0.995
1.096
0.997
0.997
0.974
0.913
1.163
1.085
1.086
1.022
500.000
0.000
0.000
0.983
0.976
0.997
0.968
0.971
0.979
0.970
0.992
0.978
0.999
0.986
0.989
0.969
0.989
0.975
0.979
0.978
0.967
0.972
0.997
0.965
1.011
0.989
0.985
0.983
0.985
1.001
0.970
0.984
0.998
0.995
0.943
1.019
1.007
0.979
0.957
0.969
0.949
0.984
0.985
0.999
1.006
0.997
0.948
1.004
0.963
1.003
0.991
0.977
0.959
0.983
0.984
1.003
0.978
1.013
1.004
0.984
0.935
1.017
0.972
0.990
1.003
0.987
0.996
1.058
1.023
1.066
1.075
1.122
1.163
1.258
1.320
1.493
1.640
1.768
1.947
2.122
2.379
2.549
2.655
2.831
2.966
3.155
3.145
3.106
2.082
1.364
1.066
0.988
1.039
0.988
0.954
1.011
0.984
0.968
0.960
0.975
1.005
1.014
1.014
0.995
0.961
0.987
0.933
0.969
0.977
0.992
0.983
0.998
1.003
0.994
0.986
0.986
0.985
1.008
1.001
0.957
0.985
1.000
0.978
0.965
0.959
0.977
1.017
0.968
0.993
0.977
0.984
0.966
0.993
0.968
0.961
0.968
0.969
1.013
0.973
0.987
1.000
0.983
0.965
0.993
0.977
0.933
1.041
0.979
1.000
0.970
0.964
0.945
0.963
0.992
1.026
1.015
0.998
1.010
0.954
1.004
1.008
1.005
0.993
0.947
0.990
0.992
0.968
0.998
1.039
0.957
1.005
0.941
1.027
0.944
1.001
1.024
0.995
1.023
1.064
0.929
1.018
0.973
0.992
1.038
0.959
0.950
1.015
0.948
0.970
0.993
0.934
1.013
0.978
0.956
0.987
0.950
0.914
1.006
1.021
0.917
1.008
0.998
0.996
0.938
0.974
1.004
0.941
1.031
1.022
0.956
1.011
0.914
0.967
0.997
0.983
0.960
0.947
0.984
0.981
1.052
0.998
0.966
1.008
0.959
0.968
1.005
1.015
0.967
0.987
0.978
0.983
1.064
0.949
0.971
0.974
0.944
0.980
0.909
0.921
0.973
0.972
0.920
0.950
1.016
0.999
1.006
0.982
1.010
0.966
1.008
0.972
0.975
1.010
1.014
0.941
1.017
0.904
0.944
1.020
1.046
0.969
1.010
0.969
1.044
0.982
0.964
0.999
1.008
0.880
0.998
1.004
0.981
0.910
0.910
0.991
0.961
1.010
0.936
0.948
0.948
1.053
0.920
1.008
0.922
0.887
0.995
1.059
0.966
1.035
0.976
0.913
1.014
1.001
0.971
0.976
0.923
1.005
0.965
0.972
1.055
0.983
0.987
1.017
0.913
1.003
0.956
0.962
0.945
0.899
0.950
0.955
1.017
1.022
1.018
0.994
1.034
0.945
0.976
1.027
0.983
1.056
0.934
0.953
0.976
1.032
1.054
1.116
1.000
1.109
0.979
0.983
0.892
1.034
0.934
0.941
0.951
0.975
1.017
1.002
1.013
0.986
1.059
0.950
1.021
1.013
0.967
0.922
0.959
0.872
1.025
0.938
1.011
1.083
500.000
0.000
0.000
1.007
0.987
0.980
0.994
1.008
1.006
1.005
0.991
0.999
0.999
0.997
1.014
1.008
1.028
1.007
1.000
1.011
0.984
0.972
1.008
0.997
1.019
1.027
1.000
0.985
1.004
1.010
1.020
1.025
0.992
0.980
0.979
0.993
1.002
1.014
0.994
0.998
0.988
1.026
1.008
1.004
1.043
0.990
0.966
1.029
0.989
1.015
0.991
1.026
0.970
0.967
1.001
1.007
1.013
1.013
1.010
0.989
1.006
1.017
1.011
0.991
1.012
1.038
1.024
1.026
1.022
1.020
1.008
1.056
1.090
1.116
1.208
1.294
1.382
1.487
1.656
1.765
1.936
2.144
2.281
2.544
2.657
2.939
3.025
3.221
3.084
3.062
2.224
1.380
1.103
0.976
0.980
1.032
0.992
0.988
1.020
0.994
1.019
1.030
1.017
0.996
0.966
1.005
1.007
0.959
1.042
0.960
1.013
1.012
1.050
1.006
1.031
0.992
1.027
1.017
0.983
0.999
0.986
1.000
1.028
1.016
0.979
0.973
1.027
0.961
1.008
0.998
1.015
1.005
0.953
1.011
0.973
1.001
0.980
1.013
0.996
0.973
0.999
0.992
1.008
1.017
0.979
0.998
0.992
1.011
1.030
0.994
0.986
0.958
1.029
1.023
1.035
1.014
1.037
1.009
0.986
0.986
1.004
0.977
0.989
1.003
1.047
1.029
0.991
0.989
1.001
0.991
0.994
0.955
1.038
1.000
1.012
1.045
1.037
1.035
1.000
0.949
1.018
1.004
1.004
0.982
0.986
0.966
1.033
0.985
0.933
1.008
0.963
1.035
1.005
0.934
0.995
1.013
0.955
0.999
0.989
0.976
1.022
1.014
0.989
0.997
0.940
1.000
1.021
1.029
1.036
0.956
1.021
0.960
0.964
0.993
0.969
0.977
0.999
1.040
1.017
1.115
1.016
0.998
0.979
0.991
1.029
1.009
0.994
0.966
0.971
1.002
1.013
1.000
1.010
0.987
0.980
0.972
1.069
0.921
0.989
1.027
1.019
0.934
1.012
1.045
0.981
1.070
0.982
1.001
0.979
1.005
0.936
0.921
0.996
0.998
0.956
1.069
0.898
0.949
1.053
1.018
1.003
1.051
1.024
1.137
0.959
1.054
0.985
0.985
0.952
0.951
1.003
1.013
0.979
0.958
0.953
0.988
0.997
0.956
0.990
0.922
1.069
0.985
0.995
0.941
0.973
1.039
1.029
1.010
1.045
1.034
0.971
0.933
1.012
1.015
1.050
0.958
0.986
0.959
1.025
1.024
1.029
0.964
1.038
0.925
0.984
0.998
0.976
0.945
0.980
0.972
0.988
1.028
1.027
1.011
0.966
1.037
0.997
1.023
1.103
1.026
1.096
1.036
0.934
0.993
1.008
1.030
1.038
0.992
1.095
1.038
1.033
0.952
1.044
0.962
1.050
1.016
0.940
0.990
0.988
1.009
1.034
1.094
0.996
0.992
1.048
0.977
0.962
0.967
0.900
1.052
1.014
0.976
0.995
500.000
0.000
0.000
0.985
0.993
0.951
0.926
1.004
0.956
0.937
0.944
0.904
0.955
0.955
0.955
0.941
0.926
0.928
0.930
0.947
0.955
0.962
0.956
0.932
0.991
0.937
0.979
0.994
0.973
0.976
0.898
0.976
0.959
1.049
0.897
0.983
0.983
0.919
0.931
0.922
0.900
0.965
1.006
1.020
0.951
0.996
0.923
1.027
0.982
0.980
0.901
0.992
1.003
0.883
0.951
0.901
0.989
0.991
0.954
1.044
1.005
0.882
0.972
0.974
0.942
1.021
0.988
0.979
1.031
0.994
0.954
0.928
0.859
0.853
0.973
0.998
0.960
0.941
1.095
0.955
0.939
1.083
1.128
1.185
1.169
1.313
1.453
1.580
1.851
2.051
2.178
2.105
2.483
2.575
2.615
2.884
2.956
2.721
2.027
1.378
1.095
1.048
0.917
0.993
0.906
1.040
0.998
0.898
0.966
1.000
0.993
0.985
0.973
0.922
1.097
0.960
0.965
0.946
0.958
0.958
1.000
1.000
0.900
1.004
0.974
0.919
0.909
1.016
0.947
1.017
0.984
0.946
0.938
0.961
0.939
0.959
0.945
0.905
0.856
0.919
1.004
0.968
0.834
0.896
0.840
0.940
0.918
1.005
1.067
0.908
1.044
0.883
0.938
0.920
0.985
1.027
1.018
0.972
0.953
0.998
0.958
0.828
0.870
0.979
1.003
1.060
0.840
0.876
1.022
0.947
0.968
0.910
0.863
0.998
0.896
0.900
0.948
0.930
1.119
0.939
0.951
0.988
0.957
1.005
0.905
0.868
1.044
0.874
0.927
0.971
0.816
0.846
1.053
0.942
0.870
0.963
0.985
0.970
0.925
0.991
0.983
0.928
0.896
1.062
0.936
0.962
0.878
1.031
0.973
0.925
0.947
0.999
0.958
0.894
1.000
0.966
1.057
1.003
1.052
0.962
1.054
1.029
0.977
1.013
1.096
0.932
1.021
0.742
0.823
0.824
0.956
1.147
0.911
1.059
0.881
0.949
0.874
0.912
0.996
1.018
0.813
0.857
0.951
0.981
0.859
1.038
1.040
0.900
0.855
0.951
0.726
0.964
0.876
0.862
0.918
0.979
0.880
0.819
0.947
0.893
1.123
1.037
0.919
1.085
0.863
0.965
0.748
0.999
0.956
0.949
0.972
1.134
0.948
0.718
1.145
1.120
0.732
1.088
0.975
0.835
0.912
1.012
1.015
0.861
1.029
1.017
0.987
0.733
1.224
0.960
1.034
0.942
0.919
1.126
0.925
0.754
0.928
0.988
0.808
0.900
0.908
0.828
0.908
0.917
0.923
0.957
0.780
1.111
0.897
1.018
1.083
1.061
1.084
1.003
1.112
0.877
0.900
1.009
1.011
0.917
0.932
0.995
1.024
0.858
1.198
0.972
1.072
1.037
1.190
0.994
1.073
0.939
0.944
0.953
0.893
0.938
0.898
0.925
1.006
0.965
0.819
1.057
0.956
1.134
0.790
0.958
0.976
0.853
0.916
1.050
0.991
0.961
0.984
500.000
0.000
0.000
0.909
0.893
0.917
0.895
0.897
0.910
0.914
0.909
0.940
0.896
0.892
0.913
0.902
0.922
0.909
0.939
0.877
0.879
0.883
0.895
0.900
0.914
0.933
0.878
0.977
0.910
0.910
0.955
0.879
0.872
0.905
0.912
0.915
0.922
0.896
0.920
0.891
0.878
0.948
0.935
0.906
0.943
0.896
0.929
0.940
0.931
0.899
0.932
0.912
0.894
0.858
0.898
0.884
0.882
0.939
0.890
0.915
0.899
0.920
0.927
0.948
0.969
0.910
0.933
0.984
0.901
0.833
0.964
0.913
0.934
0.922
0.969
1.040
1.113
1.175
1.194
1.287
1.436
1.615
1.725
1.933
2.033
2.324
2.446
2.588
2.702
2.794
2.824
2.687
2.079
1.241
0.941
0.959
0.886
0.881
0.907
0.957
0.874
1.007
0.932
0.904
0.929
0.914
0.921
0.908
0.935
0.856
0.869
0.921
0.928
0.915
0.937
0.906
0.960
0.953
0.876
0.890
0.915
1.000
0.925
0.905
0.887
0.946
0.882
0.917
0.930
0.908
0.926
0.929
0.937
0.978
0.826
0.858
0.894
0.953
0.925
0.921
0.887
0.873
0.828
0.887
0.943
0.892
0.842
0.918
0.874
0.939
0.867
0.805
0.877
0.937
0.874
0.977
0.907
0.905
0.950
0.902
0.860
0.924
0.976
0.892
0.910
0.905
0.932
0.891
0.947
0.922
0.816
0.868
0.965
0.940
1.035
0.947
0.980
0.922
0.940
0.846
0.948
0.929
0.990
0.987
0.922
0.883
0.956
0.887
0.879
0.900
0.840
0.917
0.875
0.934
0.937
0.897
0.847
0.970
0.930
0.779
0.891
0.955
0.890
0.881
0.922
0.839
0.959
1.024
0.967
0.934
0.889
0.888
0.829
0.878
0.789
0.878
0.932
0.927
0.908
0.973
0.894
0.934
0.790
0.853
0.903
0.917
0.929
0.831
0.812
0.994
0.923
0.883
0.945
0.877
0.847
0.918
0.892
0.767
0.889
0.848
0.972
0.857
0.886
0.943
0.920
0.928
0.915
0.881
0.985
0.831
0.883
0.905
0.981
0.836
0.846
1.029
0.876
0.932
0.906
0.865
0.913
0.924
0.822
0.887
0.932
0.823
1.071
0.969
0.828
0.900
0.945
0.926
0.908
0.892
0.869
0.932
0.967
0.902
0.857
0.897
0.944
0.960
0.938
0.855
0.840
1.007
0.862
0.872
0.850
0.944
0.961
0.996
0.906
0.919
1.009
0.810
0.956
0.931
0.904
1.059
0.853
0.929
0.942
0.900
0.797
0.973
0.950
0.951
0.924
0.940
0.896
0.779
0.966
0.901
0.849
0.964
0.871
0.828
0.959
0.907
0.950
0.926
0.979
0.890
0.985
0.899
0.929
0.748
0.924
0.916
0.918
0.773
0.969
0.897
0.900
0.933
0.981
0.905
0.913
1.101
0.884
0.965
0.932
0.918
0.988
0.953
0.950
0.932
0.714
0.827
0.926
0.994
0.951
