353 180 0.0 2.00 1.0 1.0 2.0 0.0 0.0
0.000
0.000
1.088
1.044
0.773
0.760
0.785
0.759
0.672
0.666
0.670
0.682
0.687
0.676
0.657
0.666
0.663
0.667
0.713
0.693
0.665
0.662
0.643
0.648
0.819
0.832
0.694
0.671
0.636
0.638
0.648
0.643
0.661
0.662
0.663
0.662
0.661
0.672
0.669
0.660
0.675
0.679
0.685
0.683
0.680
0.686
0.712
0.735
0.782
0.794
0.692
0.685
0.696
0.699
0.698
0.726
0.788
0.801
0.777
0.716
0.719
0.758
0.753
0.722
0.732
0.751
0.742
0.751
0.771
0.781
0.789
0.731
0.756
0.759
0.754
0.740
0.752
0.750
0.753
0.756
0.760
0.767
0.759
0.777
0.775
0.780
0.778
0.776
0.782
0.791
0.807
0.810
0.804
0.811
0.817
0.829
0.835
0.836
0.838
0.843
0.952
0.956
0.863
0.857
0.870
0.881
0.894
0.890
0.892
0.902
0.916
0.918
0.930
0.951
0.942
0.953
0.958
0.997
0.987
0.988
1.000
1.014
1.043
1.044
1.043
1.052
1.140
1.147
1.125
1.133
1.126
1.131
1.270
1.301
1.171
1.178
1.165
1.203
1.213
1.238
1.251
1.347
1.374
1.238
1.236
1.254
1.035
0.977
0.891
0.819
0.838
0.797
0.741
0.761
0.738
0.675
0.688
0.673
0.677
0.665
0.697
0.680
0.687
0.680
0.689
0.690
0.683
0.690
0.698
0.697
0.709
0.711
0.802
0.700
0.790
0.724
0.734
0.743
0.720
0.730
0.751
0.760
0.739
0.745
0.751
0.748
0.750
0.786
0.816
0.787
0.780
0.776
0.790
0.797
0.802
0.813
0.810
0.817
0.819
0.827
0.922
0.914
0.906
0.922
0.848
0.857
0.884
0.904
0.853
0.810
0.766
0.648
0.694
0.664
0.658
0.622
0.620
0.625
0.631
0.626
0.618
0.618
0.611
0.629
0.629
0.634
0.642
0.641
0.645
0.631
0.673
0.672
0.661
0.725
0.749
0.698
0.693
0.688
0.669
0.671
0.754
0.764
0.683
0.675
0.656
0.000
0.678
0.625
0.664
0.663
0.599
0.580
0.645
0.657
0.575
0.587
0.566
0.572
0.576
0.588
0.618
0.590
0.594
0.601
0.591
0.590
0.600
0.611
0.000
0.000
0.584
0.570
0.555
0.553
0.539
0.547
0.573
0.570
0.565
0.561
0.568
0.562
0.567
0.573
0.583
0.565
0.714
0.693
0.553
0.553
0.528
0.534
0.889
0.851
0.531
0.536
0.569
0.647
0.643
0.605
0.813
0.794
0.569
0.567
0.573
0.568
0.528
0.542
0.550
0.571
0.554
0.538
0.538
0.601
0.643
0.605
0.574
0.533
0.532
0.531
0.560
0.545
0.000
0.516
0.527
0.522
0.555
0.531
0.545
0.516
0.983
0.546
0.667
0.532
0.353
0.545
0.842
0.544
0.597
0.806
0.419
0.547
0.572
0.526
0.517
0.000
0.590
0.533
0.821
0.633
0.581
0.000
0.518
0.000
0.000
1.054
1.033
0.775
0.768
0.811
0.795
0.718
0.720
0.739
0.762
0.767
0.777
0.767
0.785
0.794
0.803
0.863
0.840
0.816
0.805
0.792
0.815
1.019
1.033
0.869
0.815
0.754
0.784
0.812
0.797
0.815
0.812
0.814
0.799
0.795
0.799
0.791
0.769
0.773
0.776
0.782
0.771
0.761
0.761
0.773
0.794
0.840
0.848
0.749
0.736
0.744
0.748
0.738
0.756
0.822
0.822
0.805
0.744
0.747
0.777
0.779
0.751
0.754
0.784
0.769
0.776
0.793
0.806
0.806
0.756
0.784
0.778
0.773
0.767
0.776
0.775
0.773
0.776
0.776
0.789
0.780
0.799
0.798
0.812
0.805
0.796
0.812
0.814
0.827
0.831
0.826
0.834
0.846
0.853
0.858
0.858
0.855
0.860
0.967
0.973
0.887
0.874
0.887
0.897
0.907
0.904
0.909
0.920
0.927
0.932
0.939
0.937
0.972
0.961
0.962
1.000
0.986
0.994
1.000
1.022
1.034
1.042
1.041
1.048
1.139
1.138
1.102
1.104
1.067
1.060
1.174
1.182
1.010
0.998
0.951
0.959
0.955
0.962
0.963
1.055
1.085
1.013
1.046
1.101
1.003
1.022
1.010
0.978
1.062
1.021
0.925
0.943
0.864
0.754
0.734
0.706
0.709
0.699
0.699
0.704
0.704
0.702
0.709
0.697
0.712
0.709
0.699
0.715
0.729
0.719
0.819
0.715
0.804
0.724
0.725
0.742
0.731
0.739
0.758
0.761
0.748
0.751
0.761
0.753
0.758
0.789
0.808
0.804
0.785
0.780
0.791
0.790
0.788
0.809
0.802
0.797
0.802
0.817
0.892
0.891
0.896
0.901
0.827
0.829
0.817
0.774
0.687
0.656
0.672
0.652
0.643
0.677
0.682
0.635
0.643
0.634
0.635
0.623
0.617
0.619
0.628
0.633
0.630
0.624
0.637
0.629
0.638
0.628
0.660
0.649
0.643
0.706
0.738
0.678
0.672
0.674
0.655
0.654
0.735
0.730
0.659
0.641
0.678
0.000
0.661
0.611
0.665
0.631
0.591
0.574
0.664
0.654
0.578
0.582
0.574
0.570
0.570
0.577
0.598
0.585
0.578
0.585
0.582
0.580
0.594
0.591
0.000
0.000
0.562
0.549
0.551
0.549
0.545
0.542
0.566
0.563
0.551
0.553
0.551
0.546
0.552
0.563
0.588
0.542
0.688
0.673
0.537
0.537
0.522
0.523
0.897
0.860
0.518
0.510
0.546
0.621
0.632
0.591
0.776
0.757
0.550
0.550
0.554
0.567
0.521
0.522
0.543
0.549
0.535
0.523
0.522
0.584
0.601
0.597
0.568
0.520
0.528
0.528
0.543
0.554
0.000
0.512
0.500
0.501
0.528
0.518
0.534
0.689
0.933
0.527
0.674
0.432
0.497
0.539
0.799
0.542
0.624
0.724
0.620
0.540
0.601
0.517
0.532
0.000
0.537
0.529
0.639
0.632
0.585
0.000
0.479
0.000
0.000
0.947
0.922
0.708
0.697
0.732
0.718
0.647
0.651
0.665
0.684
0.687
0.691
0.687
0.701
0.709
0.718
0.772
0.754
0.732
0.730
0.721
0.738
0.930
0.948
0.796
0.769
0.725
0.746
0.760
0.754
0.788
0.797
0.798
0.794
0.804
0.820
0.822
0.806
0.830
0.841
0.850
0.854
0.852
0.865
0.891
0.923
0.991
1.007
0.891
0.883
0.899
0.907
0.885
0.911
1.006
1.009
1.000
0.931
0.926
0.972
0.961
0.927
0.916
0.949
0.933
0.933
0.944
0.946
0.951
0.877
0.899
0.884
0.877
0.858
0.870
0.865
0.858
0.850
0.848
0.855
0.847
0.861
0.860
0.862
0.865
0.858
0.858
0.872
0.894
0.887
0.880
0.885
0.901
0.909
0.923
0.922
0.922
0.939
1.055
1.060
0.953
0.945
0.966
0.988
0.999
1.000
1.006
1.020
1.027
1.034
1.039
1.013
1.062
1.058
1.051
1.064
1.046
1.017
1.000
0.975
0.959
0.933
0.897
0.877
0.934
0.927
0.892
0.896
0.870
0.869
0.982
1.010
0.892
0.895
0.884
0.905
0.915
0.936
0.945
1.035
1.057
0.995
1.020
1.088
0.990
1.010
1.011
1.006
1.123
1.141
1.073
1.167
1.124
1.009
0.983
0.911
0.871
0.813
0.777
0.769
0.753
0.751
0.750
0.735
0.762
0.756
0.760
0.762
0.778
0.780
0.887
0.768
0.873
0.781
0.779
0.811
0.791
0.798
0.812
0.801
0.796
0.785
0.804
0.788
0.786
0.815
0.838
0.825
0.803
0.811
0.811
0.818
0.818
0.836
0.825
0.838
0.829
0.852
0.936
0.932
0.914
0.899
0.766
0.704
0.685
0.699
0.677
0.662
0.688
0.674
0.675
0.707
0.717
0.687
0.690
0.697
0.698
0.672
0.672
0.669
0.663
0.667
0.662
0.661
0.667
0.670
0.662
0.660
0.687
0.672
0.661
0.737
0.756
0.692
0.668
0.674
0.653
0.645
0.735
0.722
0.668
0.664
0.698
0.000
0.681
0.641
0.692
0.667
0.620
0.605
0.667
0.683
0.604
0.609
0.599
0.597
0.598
0.603
0.621
0.607
0.594
0.606
0.597
0.597
0.590
0.593
0.000
0.000
0.576
0.582
0.580
0.574
0.561
0.565
0.592
0.576
0.576
0.574
0.574
0.561
0.560
0.577
0.579
0.563
0.729
0.685
0.543
0.556
0.555
0.546
0.926
0.910
0.538
0.531
0.557
0.637
0.657
0.608
0.822
0.791
0.570
0.575
0.585
0.576
0.539
0.548
0.550
0.571
0.551
0.556
0.530
0.619
0.635
0.610
0.588
0.539
0.536
0.540
0.565
0.567
0.000
0.516
0.513
0.532
0.554
0.537
0.560
0.979
0.672
0.545
0.739
0.989
0.597
0.552
0.821
0.552
0.617
0.833
1.034
0.561
0.626
0.536
0.553
0.000
0.493
0.548
0.469
0.649
0.579
0.000
0.515
0.000
0.000
1.180
1.147
0.874
0.867
0.915
0.898
0.813
0.819
0.836
0.852
0.851
0.852
0.846
0.862
0.869
0.877
0.938
0.916
0.875
0.873
0.860
0.882
1.105
1.120
0.940
0.893
0.849
0.870
0.890
0.880
0.912
0.919
0.924
0.917
0.921
0.935
0.938
0.925
0.948
0.952
0.963
0.967
0.964
0.975
1.007
1.040
1.110
1.124
0.999
0.978
1.005
1.015
0.999
1.028
1.131
1.149
1.130
1.042
1.053
1.112
1.108
1.076
1.081
1.136
1.124
1.127
1.153
1.189
1.190
1.130
1.169
1.166
1.170
1.170
1.185
1.190
1.196
1.206
1.221
1.238
1.233
1.259
1.274
1.279
1.287
1.288
1.303
1.316
1.345
1.333
1.341
1.336
1.343
1.362
1.369
1.357
1.343
1.342
1.504
1.486
1.318
1.286
1.277
1.260
1.237
1.188
1.139
1.108
1.081
1.053
1.026
1.020
1.007
0.996
0.991
1.005
1.000
0.991
1.000
0.992
1.013
1.007
1.010
1.015
1.084
1.086
1.068
1.065
1.050
1.049
1.189
1.219
1.078
1.084
1.076
1.102
1.110
1.129
1.146
1.242
1.293
1.200
1.242
1.303
1.191
1.207
1.221
1.215
1.360
1.395
1.302
1.430
1.389
1.289
1.300
1.287
1.303
1.283
1.232
1.186
1.129
1.054
0.984
0.988
0.958
0.955
0.936
0.934
0.964
0.943
1.072
0.933
1.048
0.926
0.958
0.985
0.954
0.966
0.990
1.001
0.982
0.982
0.981
0.997
1.004
1.035
1.074
1.064
1.047
1.040
1.048
1.051
1.055
1.073
1.064
1.072
1.066
1.056
1.114
1.029
0.939
0.900
0.829
0.813
0.840
0.848
0.823
0.825
0.853
0.841
0.831
0.867
0.880
0.833
0.849
0.851
0.877
0.856
0.858
0.861
0.876
0.874
0.858
0.853
0.848
0.836
0.807
0.786
0.815
0.824
0.808
0.874
0.914
0.853
0.843
0.843
0.815
0.817
0.924
0.914
0.843
0.825
0.831
0.000
0.847
0.790
0.846
0.812
0.769
0.747
0.829
0.854
0.746
0.754
0.737
0.750
0.740
0.747
0.771
0.761
0.733
0.713
0.709
0.702
0.713
0.726
0.000
0.000
0.720
0.736
0.725
0.719
0.710
0.695
0.713
0.709
0.687
0.703
0.706
0.688
0.715
0.722
0.743
0.679
0.857
0.830
0.684
0.693
0.674
0.679
1.178
1.099
0.674
0.666
0.700
0.803
0.801
0.755
1.000
0.960
0.701
0.705
0.714
0.712
0.667
0.670
0.677
0.688
0.677
0.665
0.660
0.739
0.770
0.782
0.733
0.690
0.671
0.677
0.691
0.693
0.000
0.642
0.650
0.653
0.678
0.660
0.701
0.952
0.797
0.676
0.886
0.737
0.500
0.682
1.049
0.679
0.661
0.920
0.779
0.702
0.771
0.655
0.668
0.000
0.394
0.669
0.643
0.804
0.718
0.000
0.642
0.000
0.000
1.168
1.134
0.867
0.858
0.903
0.888
0.804
0.814
0.832
0.854
0.854
0.856
0.860
0.878
0.889
0.896
0.955
0.933
0.903
0.888
0.876
0.908
1.133
1.154
0.970
0.917
0.859
0.898
0.926
0.918
0.945
0.953
0.958
0.945
0.952
0.970
0.970
0.945
0.972
0.979
0.990
0.993
0.989
1.001
1.029
1.060
1.136
1.148
1.021
1.009
1.031
1.039
1.004
1.046
1.145
1.166
1.148
1.076
1.088
1.145
1.145
1.110
1.120
1.168
1.161
1.168
1.210
1.230
1.236
1.176
1.223
1.212
1.224
1.227
1.251
1.257
1.265
1.283
1.293
1.308
1.299
1.328
1.329
1.333
1.323
1.298
1.295
1.281
1.288
1.230
1.178
1.146
1.119
1.099
1.069
1.055
1.030
1.027
1.158
1.142
1.020
1.003
1.010
1.021
1.028
1.027
1.022
1.028
1.033
1.030
1.028
0.999
1.014
1.030
1.018
1.022
1.026
1.009
1.000
1.011
1.009
1.011
1.002
1.007
1.075
1.081
1.047
1.045
1.026
1.028
1.162
1.187
1.049
1.054
1.035
1.064
1.072
1.085
1.097
1.206
1.224
1.150
1.172
1.217
1.132
1.146
1.137
1.135
1.278
1.296
1.220
1.318
1.289
1.193
1.220
1.203
1.227
1.234
1.238
1.244
1.242
1.210
1.113
1.125
1.059
0.989
0.951
0.933
0.952
0.936
1.061
0.927
1.036
0.931
0.961
0.974
0.956
0.959
0.969
0.982
0.982
0.979
0.979
1.001
0.991
1.030
1.073
1.050
1.035
1.031
1.044
1.053
1.048
1.062
1.017
0.969
0.880
0.835
0.898
0.876
0.866
0.869
0.802
0.804
0.824
0.845
0.812
0.810
0.827
0.820
0.815
0.846
0.853
0.825
0.821
0.831
0.839
0.835
0.822
0.822
0.817
0.811
0.817
0.813
0.816
0.818
0.813
0.783
0.813
0.802
0.783
0.853
0.890
0.825
0.815
0.817
0.792
0.787
0.891
0.897
0.808
0.797
0.815
0.000
0.788
0.755
0.826
0.804
0.742
0.729
0.818
0.829
0.736
0.750
0.726
0.712
0.720
0.708
0.737
0.705
0.703
0.699
0.701
0.697
0.713
0.707
0.000
0.000
0.691
0.695
0.692
0.688
0.679
0.677
0.699
0.697
0.691
0.692
0.687
0.675
0.684
0.699
0.696
0.656
0.835
0.813
0.655
0.674
0.678
0.672
1.141
1.067
0.643
0.642
0.683
0.785
0.770
0.724
0.981
0.891
0.673
0.690
0.703
0.697
0.642
0.641
0.665
0.678
0.652
0.655
0.636
0.738
0.743
0.738
0.695
0.642
0.647
0.639
0.666
0.659
0.000
0.624
0.629
0.642
0.667
0.649
0.666
0.799
0.666
0.688
0.820
0.633
0.532
0.665
1.019
0.675
0.659
0.940
0.799
0.667
0.591
0.642
0.653
0.000
0.878
0.660
0.685
0.752
0.677
0.000
0.621
0.000
0.000
1.094
1.064
0.805
0.802
0.850
0.837
0.763
0.778
0.795
0.815
0.800
0.812
0.821
0.841
0.847
0.859
0.924
0.896
0.868
0.855
0.846
0.878
1.099
1.117
0.950
0.893
0.844
0.879
0.914
0.910
0.940
0.959
0.962
0.960
0.968
0.992
0.996
0.975
1.011
1.027
1.043
1.050
1.058
1.072
1.105
1.150
1.239
1.265
1.138
1.129
1.163
1.187
1.139
1.161
1.300
1.331
1.324
1.261
1.275
1.348
1.349
1.310
1.303
1.358
1.337
1.332
1.347
1.323
1.311
1.191
1.193
1.159
1.106
1.046
1.023
0.991
0.970
0.950
0.938
0.926
0.898
0.914
0.900
0.898
0.895
0.877
0.883
0.893
0.909
0.895
0.882
0.888
0.889
0.905
0.902
0.908
0.905
0.909
1.023
1.030
0.925
0.912
0.924
0.933
0.939
0.944
0.948
0.961
0.962
0.957
0.972
0.969
0.982
0.986
0.979
1.006
1.009
1.001
1.000
1.005
1.031
1.015
1.010
1.008
1.082
1.084
1.044
1.049
1.021
1.016
1.142
1.147
1.010
1.004
0.981
0.993
0.999
1.008
1.009
1.097
1.120
1.048
1.064
1.111
1.016
1.043
1.043
1.036
1.168
1.176
1.111
1.213
1.183
1.102
1.119
1.104
1.139
1.148
1.147
1.163
1.175
1.182
1.199
1.109
1.186
1.158
1.101
1.057
1.027
0.968
1.044
0.927
1.013
0.908
0.926
0.950
0.927
0.925
0.951
0.963
0.953
0.949
0.967
0.972
0.964
1.004
1.056
1.031
1.015
0.997
0.978
0.948
0.873
0.808
0.771
0.759
0.757
0.766
0.833
0.837
0.834
0.845
0.767
0.776
0.778
0.804
0.778
0.784
0.805
0.790
0.789
0.799
0.800
0.755
0.760
0.758
0.768
0.751
0.745
0.753
0.764
0.769
0.777
0.765
0.774
0.773
0.774
0.758
0.799
0.784
0.769
0.828
0.860
0.787
0.774
0.775
0.748
0.748
0.834
0.849
0.778
0.756
0.800
0.000
0.747
0.701
0.769
0.751
0.697
0.696
0.783
0.788
0.687
0.692
0.663
0.658
0.660
0.659
0.689
0.674
0.658
0.669
0.659
0.657
0.658
0.667
0.000
0.000
0.652
0.652
0.652
0.656
0.653
0.644
0.656
0.647
0.648
0.653
0.646
0.643
0.650
0.649
0.649
0.628
0.779
0.787
0.623
0.637
0.627
0.626
1.073
0.995
0.603
0.612
0.636
0.732
0.741
0.688
0.906
0.873
0.646
0.637
0.649
0.655
0.613
0.617
0.626
0.641
0.626
0.608
0.602
0.690
0.701
0.724
0.656
0.606
0.610
0.610
0.634
0.624
0.000
0.601
0.586
0.614
0.625
0.616
0.622
0.633
1.079
0.646
0.789
0.893
0.508
0.624
0.918
0.627
0.697
0.872
0.527
0.639
0.710
0.611
0.615
0.000
0.648
0.610
0.617
0.758
0.668
0.000
0.615
0.000
0.000
1.220
1.189
0.899
0.915
0.972
0.948
0.887
0.914
0.941
0.961
0.934
0.950
0.987
1.021
1.036
1.047
1.128
1.106
1.060
1.049
1.053
1.119
1.388
1.423
1.229
1.141
1.058
1.149
1.234
1.233
1.285
1.307
1.327
1.327
1.352
1.388
1.400
1.377
1.418
1.444
1.462
1.473
1.462
1.460
1.475
1.503
1.589
1.575
1.326
1.263
1.241
1.205
1.145
1.129
1.202
1.173
1.118
1.006
0.996
1.034
0.995
0.948
0.950
0.978
0.956
0.955
0.975
0.983
0.979
0.923
0.949
0.947
0.933
0.926
0.939
0.941
0.935
0.940
0.946
0.948
0.944
0.966
0.962
0.964
0.964
0.957
0.959
0.969
0.989
0.974
0.969
0.965
0.968
0.983
0.976
0.978
0.964
0.974
1.101
1.091
0.968
0.957
0.961
0.963
0.973
0.971
0.981
0.981
0.993
0.981
0.989
0.975
0.985
0.992
0.989
1.022
1.008
1.002
1.000
1.010
1.018
1.019
1.016
1.026
1.105
1.099
1.067
1.071
1.045
1.044
1.178
1.205
1.065
1.067
1.048
1.076
1.084
1.107
1.110
1.203
1.242
1.163
1.188
1.239
1.131
1.154
1.156
1.130
1.262
1.293
1.202
1.298
1.254
1.170
1.186
1.161
1.195
1.202
1.211
1.220
1.246
1.247
1.272
1.170
1.288
1.289
1.300
1.287
1.294
1.256
1.261
1.178
1.194
1.030
1.026
1.038
1.016
1.025
1.034
1.050
1.047
1.055
1.072
1.073
1.065
1.099
1.113
1.059
0.944
0.855
0.833
0.830
0.808
0.824
0.816
0.818
0.819
0.825
0.907
0.900
0.893
0.886
0.811
0.811
0.822
0.833
0.796
0.791
0.816
0.804
0.794
0.828
0.843
0.805
0.808
0.805
0.829
0.799
0.794
0.810
0.808
0.821
0.819
0.816
0.815
0.820
0.810
0.792
0.836
0.844
0.828
0.906
0.931
0.862
0.845
0.841
0.800
0.797
0.904
0.916
0.822
0.792
0.766
0.000
0.784
0.744
0.819
0.812
0.743
0.745
0.815
0.820
0.709
0.720
0.704
0.693
0.700
0.712
0.719
0.713
0.697
0.703
0.704
0.704
0.712
0.723
0.000
0.000
0.696
0.686
0.698
0.699
0.698
0.694
0.718
0.702
0.692
0.683
0.682
0.678
0.688
0.684
0.690
0.647
0.815
0.803
0.655
0.658
0.649
0.649
1.108
1.074
0.650
0.646
0.690
0.796
0.779
0.716
0.960
0.939
0.685
0.679
0.708
0.705
0.646
0.665
0.659
0.665
0.658
0.656
0.651
0.737
0.756
0.737
0.722
0.654
0.657
0.650
0.664
0.668
0.000
0.636
0.647
0.645
0.661
0.643
0.664
0.731
0.754
0.652
0.879
1.249
0.629
0.668
0.989
0.672
0.727
1.021
1.045
0.678
0.667
0.650
0.633
0.000
0.905
0.648
0.485
0.777
0.688
0.000
0.659
0.000
0.000
1.579
1.561
1.186
1.245
1.347
1.270
1.306
1.402
1.445
1.461
1.381
1.427
1.550
1.619
1.642
1.656
1.754
1.699
1.656
1.580
1.546
1.581
1.945
1.913
1.548
1.407
1.276
1.270
1.211
1.153
1.150
1.116
1.079
1.045
1.021
1.021
0.997
0.969
0.982
0.973
0.981
0.969
0.959
0.958
0.986
1.014
1.088
1.086
0.947
0.936
0.946
0.947
0.940
0.958
1.048
1.047
1.011
0.935
0.930
0.972
0.960
0.920
0.921
0.952
0.935
0.922
0.953
0.964
0.958
0.892
0.922
0.918
0.910
0.893
0.903
0.896
0.886
0.888
0.897
0.901
0.885
0.911
0.898
0.904
0.905
0.896
0.904
0.905
0.924
0.914
0.908
0.907
0.924
0.931
0.928
0.929
0.927
0.919
1.043
1.044
0.936
0.926
0.931
0.944
0.950
0.951
0.951
0.967
0.964
0.966
0.979
0.961
0.975
0.986
0.978
0.998
1.012
0.996
1.000
1.001
1.016
1.016
1.011
1.026
1.100
1.110
1.075
1.078
1.057
1.060
1.200
1.219
1.079
1.082
1.066
1.083
1.110
1.121
1.139
1.233
1.269
1.196
1.213
1.274
1.174
1.200
1.194
1.186
1.333
1.348
1.271
1.381
1.351
1.251
1.283
1.263
1.296
1.293
1.289
1.319
1.333
1.313
1.338
1.251
1.346
1.352
1.346
1.371
1.400
1.414
1.550
1.378
1.476
1.277
1.223
1.196
1.145
1.138
1.136
1.135
1.120
1.115
1.111
1.058
0.970
0.928
0.896
0.870
0.846
0.834
0.835
0.837
0.822
0.814
0.801
0.795
0.784
0.790
0.862
0.859
0.860
0.856
0.787
0.807
0.798
0.826
0.808
0.801
0.813
0.808
0.805
0.840
0.850
0.811
0.824
0.831
0.830
0.818
0.825
0.835
0.834
0.845
0.833
0.847
0.843
0.853
0.850
0.848
0.886
0.876
0.866
0.940
0.976
0.909
0.902
0.885
0.859
0.848
0.938
0.949
0.829
0.804
0.779
0.000
0.798
0.766
0.840
0.794
0.755
0.724
0.811
0.811
0.708
0.712
0.713
0.709
0.707
0.722
0.733
0.724
0.718
0.714
0.714
0.710
0.735
0.735
0.000
0.000
0.714
0.721
0.726
0.721
0.702
0.711
0.733
0.717
0.722
0.694
0.695
0.677
0.692
0.692
0.691
0.664
0.857
0.845
0.672
0.689
0.665
0.662
1.172
1.097
0.663
0.657
0.685
0.797
0.787
0.734
0.975
0.952
0.690
0.699
0.705
0.705
0.650
0.664
0.672
0.692
0.661
0.656
0.659
0.747
0.761
0.749
0.706
0.658
0.672
0.669
0.677
0.686
0.000
0.653
0.648
0.651
0.685
0.665
0.689
1.057
1.019
0.678
0.869
0.923
0.841
0.694
0.970
0.680
0.847
0.947
0.269
0.692
0.622
0.671
0.707
0.000
0.466
0.673
0.776
0.784
0.716
0.000
0.634
0.000
0.000
2.236
2.100
1.464
1.412
1.434
1.355
1.175
1.117
1.091
1.097
1.092
1.063
1.003
0.978
0.965
0.968
1.027
0.968
0.927
0.908
0.869
0.868
1.097
1.102
0.910
0.865
0.810
0.813
0.822
0.808
0.834
0.836
0.827
0.821
0.816
0.830
0.816
0.800
0.828
0.827
0.828
0.831
0.820
0.822
0.850
0.869
0.941
0.950
0.831
0.818
0.825
0.826
0.814
0.828
0.928
0.928
0.899
0.838
0.833
0.864
0.866
0.835
0.838
0.871
0.863
0.862
0.876
0.900
0.903
0.845
0.878
0.871
0.861
0.856
0.859
0.863
0.861
0.857
0.862
0.873
0.863
0.881
0.883
0.883
0.886
0.875
0.889
0.896
0.912
0.904
0.895
0.894
0.901
0.911
0.917
0.922
0.913
0.915
1.030
1.015
0.929
0.916
0.922
0.935
0.949
0.950
0.946
0.964
0.957
0.964
0.969
0.948
0.968
0.979
0.978
0.992
1.000
1.001
1.000
1.001
1.015
1.018
1.013
1.022
1.098
1.103
1.067
1.072
1.058
1.063
1.183
1.220
1.079
1.088
1.079
1.107
1.114
1.131
1.140
1.250
1.293
1.202
1.224
1.292
1.204
1.200
1.229
1.216
1.362
1.383
1.299
1.432
1.405
1.307
1.327
1.314
1.345
1.352
1.365
1.398
1.410
1.426
1.453
1.320
1.468
1.466
1.479
1.507
1.560
1.552
1.734
1.535
1.702
1.527
1.508
1.485
1.381
1.301
1.213
1.080
0.991
0.902
0.861
0.829
0.802
0.805
0.823
0.797
0.779
0.778
0.774
0.777
0.764
0.776
0.765
0.765
0.773
0.779
0.841
0.854
0.845
0.854
0.790
0.793
0.809
0.831
0.810
0.804
0.819
0.820
0.809
0.855
0.858
0.829
0.834
0.840
0.843
0.830
0.839
0.852
0.849
0.861
0.869
0.861
0.865
0.872
0.885
0.870
0.914
0.897
0.905
0.975
1.035
0.960
0.934
0.940
0.909
0.903
1.002
0.976
0.863
0.800
0.833
0.000
0.783
0.740
0.813
0.792
0.727
0.715
0.819
0.800
0.713
0.723
0.706
0.717
0.711
0.723
0.761
0.729
0.726
0.711
0.727
0.732
0.749
0.766
0.000
0.000
0.739
0.748
0.749
0.739
0.741
0.732
0.726
0.716
0.698
0.686
0.678
0.662
0.673
0.690
0.703
0.672
0.861
0.849
0.684
0.688
0.689
0.687
1.216
1.121
0.679
0.693
0.725
0.838
0.808
0.745
0.994
0.958
0.701
0.694
0.708
0.728
0.661
0.681
0.690
0.706
0.679
0.673
0.663
0.762
0.776
0.722
0.730
0.658
0.682
0.670
0.683
0.696
0.000
0.664
0.660
0.656
0.685
0.667
0.695
1.043
0.757
0.670
0.868
0.918
0.706
0.684
1.001
0.695
0.755
1.114
0.652
0.694
0.663
0.655
0.674
0.000
0.605
0.662
0.749
0.794
0.688
0.000
0.656
0.000
0.000
2.278
2.124
1.483
1.439
1.434
1.339
1.221
1.222
1.191
1.154
1.104
1.073
1.060
1.059
1.040
1.023
1.077
1.024
0.966
0.938
0.910
0.920
1.151
1.151
0.952
0.895
0.851
0.852
0.861
0.842
0.859
0.859
0.857
0.844
0.838
0.848
0.840
0.821
0.843
0.850
0.850
0.845
0.839
0.834
0.868
0.891
0.961
0.960
0.838
0.821
0.836
0.834
0.850
0.883
0.960
0.964
0.925
0.847
0.845
0.894
0.881
0.840
0.849
0.881
0.865
0.872
0.893
0.906
0.903
0.842
0.880
0.882
0.874
0.848
0.863
0.862
0.859
0.862
0.859
0.868
0.861
0.880
0.874
0.890
0.880
0.877
0.873
0.891
0.905
0.893
0.892
0.896
0.906
0.912
0.913
0.915
0.921
0.917
1.040
1.039
0.922
0.908
0.917
0.943
0.947
0.952
0.955
0.957
0.964
0.958
0.972
0.998
1.005
0.982
0.973
0.996
0.997
0.995
1.000
1.006
1.018
1.024
1.022
1.024
1.103
1.118
1.069
1.087
1.058
1.058
1.206
1.242
1.092
1.099
1.089
1.109
1.123
1.142
1.148
1.258
1.307
1.224
1.246
1.307
1.203
1.222
1.229
1.227
1.376
1.390
1.323
1.446
1.424
1.307
1.333
1.329
1.366
1.380
1.388
1.405
1.421
1.432
1.463
1.323
1.460
1.499
1.484
1.511
1.550
1.536
1.724
1.513
1.688
1.468
1.397
1.341
1.222
1.169
1.092
1.009
0.933
0.877
0.860
0.814
0.799
0.818
0.838
0.814
0.790
0.777
0.768
0.772
0.774
0.768
0.763
0.781
0.772
0.777
0.849
0.847
0.843
0.862
0.792
0.782
0.812
0.829
0.800
0.804
0.819
0.805
0.801
0.842
0.857
0.816
0.826
0.831
0.855
0.828
0.834
0.840
0.844
0.854
0.851
0.856
0.876
0.880
0.865
0.873
0.917
0.913
0.910
0.988
1.022
0.941
0.940
0.945
0.901
0.882
0.963
0.940
0.800
0.747
0.839
0.000
0.764
0.708
0.807
0.784
0.716
0.715
0.803
0.803
0.700
0.716
0.705
0.708
0.718
0.723
0.759
0.719
0.732
0.729
0.732
0.727
0.748
0.739
0.000
0.000
0.747
0.742
0.736
0.736
0.710
0.715
0.720
0.702
0.692
0.686
0.671
0.661
0.686
0.683
0.697
0.669
0.858
0.849
0.687
0.686
0.673
0.691
1.153
1.097
0.663
0.661
0.701
0.800
0.805
0.714
0.938
0.921
0.693
0.684
0.706
0.696
0.653
0.651
0.670
0.684
0.687
0.669
0.654
0.752
0.773
0.742
0.709
0.658
0.673
0.670
0.684
0.701
0.000
0.645
0.642
0.651
0.673
0.647
0.674
1.200
0.850
0.673
0.887
0.703
0.700
0.669
0.997
0.693
0.694
0.942
0.923
0.691
0.575
0.665
0.627
0.000
1.020
0.658
0.971
0.793
0.670
0.000
0.724
0.000
0.000
2.113
2.049
1.495
1.465
1.568
1.515
1.383
1.395
1.411
1.448
1.435
1.448
1.446
1.457
1.472
1.484
1.562
1.497
1.443
1.387
1.346
1.392
1.687
1.667
1.379
1.220
1.093
1.126
1.154
1.100
1.097
1.074
1.043
1.004
0.982
0.983
0.967
0.932
0.943
0.940
0.945
0.932
0.920
0.917
0.938
0.966
1.032
1.035
0.911
0.896
0.907
0.909
0.906
0.924
1.012
1.016
0.979
0.901
0.898
0.933
0.933
0.901
0.895
0.921
0.911
0.905
0.928
0.943
0.942
0.875
0.905
0.895
0.888
0.872
0.885
0.880
0.879
0.875
0.881
0.884
0.876
0.891
0.886
0.895
0.897
0.885
0.891
0.897
0.918
0.908
0.900
0.900
0.910
0.913
0.924
0.919
0.917
0.920
1.037
1.033
0.929
0.917
0.929
0.941
0.949
0.944
0.942
0.959
0.962
0.968
0.968
0.982
1.008
0.981
0.978
1.009
0.991
0.992
1.000
1.010
1.028
1.020
1.018
1.014
1.097
1.104
1.075
1.086
1.065
1.063
1.207
1.243
1.096
1.108
1.082
1.104
1.125
1.139
1.153
1.253
1.299
1.202
1.233
1.321
1.189
1.205
1.217
1.203
1.374
1.380
1.297
1.412
1.382
1.282
1.302
1.276
1.304
1.313
1.323
1.327
1.346
1.335
1.367
1.260
1.375
1.382
1.382
1.382
1.401
1.354
1.388
1.270
1.327
1.132
1.139
1.151
1.117
1.103
1.083
1.053
0.988
0.926
0.892
0.849
0.821
0.833
0.847
0.828
0.819
0.799
0.798
0.794
0.780
0.793
0.780
0.779
0.766
0.779
0.848
0.840
0.851
0.848
0.783
0.786
0.801
0.813
0.797
0.792
0.805
0.796
0.794
0.835
0.831
0.810
0.813
0.822
0.836
0.817
0.815
0.830
0.821
0.841
0.851
0.853
0.850
0.853
0.852
0.842
0.885
0.870
0.852
0.933
0.961
0.895
0.866
0.878
0.830
0.811
0.892
0.874
0.781
0.736
0.809
0.000
0.770
0.734
0.794
0.781
0.701
0.700
0.776
0.784
0.691
0.702
0.689
0.684
0.689
0.701
0.740
0.710
0.703
0.707
0.705
0.704
0.710
0.722
0.000
0.000
0.706
0.705
0.704
0.692
0.672
0.676
0.684
0.683
0.678
0.675
0.663
0.647
0.661
0.672
0.668
0.655
0.808
0.808
0.661
0.664
0.651
0.656
1.136
1.097
0.649
0.646
0.688
0.798
0.762
0.708
0.943
0.910
0.671
0.668
0.694
0.686
0.635
0.650
0.654
0.674
0.651
0.658
0.640
0.715
0.733
0.726
0.695
0.642
0.640
0.641
0.673
0.679
0.000
0.637
0.626
0.627
0.656
0.632
0.666
0.874
0.645
0.670
0.864
0.534
0.430
0.667
0.968
0.671
0.760
0.852
0.529
0.667
0.801
0.649
0.655
0.000
0.774
0.648
0.819
0.782
0.706
0.000
0.642
0.000
0.000
1.295
1.272
0.947
0.933
0.986
0.979
0.876
0.883
0.906
0.936
0.960
0.973
0.953
0.969
0.986
1.012
1.102
1.074
1.061
1.068
1.044
1.063
1.376
1.408
1.193
1.156
1.101
1.141
1.159
1.167
1.215
1.241
1.261
1.266
1.278
1.319
1.330
1.318
1.363
1.378
1.396
1.401
1.407
1.411
1.427
1.460
1.539
1.523
1.331
1.278
1.259
1.216
1.088
1.065
1.157
1.139
1.093
0.989
0.971
0.992
0.979
0.936
0.919
0.957
0.931
0.925
0.947
0.955
0.952
0.896
0.925
0.925
0.914
0.904
0.909
0.917
0.913
0.916
0.922
0.927
0.920
0.939
0.939
0.943
0.940
0.939
0.951
0.953
0.986
0.973
0.955
0.956
0.965
0.976
0.969
0.974
0.968
0.967
1.092
1.095
0.963
0.949
0.961
0.971
0.971
0.967
0.964
0.966
0.971
0.974
0.979
0.976
0.991
0.986
0.983
1.012
0.998
0.996
1.000
1.011
1.023
1.020
1.012
1.020
1.113
1.113
1.066
1.073
1.056
1.072
1.192
1.221
1.082
1.097
1.072
1.092
1.106
1.113
1.118
1.218
1.246
1.135
1.158
1.210
1.112
1.130
1.129
1.106
1.281
1.288
1.202
1.307
1.276
1.189
1.227
1.201
1.234
1.235
1.248
1.271
1.283
1.259
1.198
1.168
1.127
1.038
0.998
0.986
0.998
0.991
1.128
0.970
1.107
0.997
1.019
1.054
1.030
1.043
1.064
1.057
1.035
1.016
0.994
0.929
0.862
0.838
0.835
0.815
0.789
0.783
0.794
0.794
0.778
0.803
0.803
0.800
0.789
0.791
0.856
0.845
0.842
0.835
0.769
0.766
0.788
0.802
0.775
0.773
0.802
0.784
0.781
0.801
0.820
0.774
0.786
0.779
0.800
0.773
0.776
0.788
0.794
0.795
0.795
0.812
0.815
0.801
0.786
0.781
0.809
0.780
0.767
0.851
0.894
0.831
0.810
0.801
0.760
0.743
0.804
0.801
0.714
0.702
0.726
0.000
0.749
0.703
0.778
0.775
0.691
0.676
0.748
0.779
0.675
0.675
0.674
0.666
0.671
0.673
0.705
0.682
0.670
0.676
0.674
0.661
0.674
0.680
0.000
0.000
0.649
0.650
0.657
0.655
0.652
0.647
0.660
0.657
0.649
0.645
0.644
0.633
0.637
0.647
0.659
0.628
0.790
0.764
0.625
0.638
0.615
0.619
1.067
1.003
0.608
0.605
0.634
0.743
0.755
0.681
0.894
0.898
0.645
0.624
0.650
0.660
0.602
0.620
0.616
0.642
0.626
0.625
0.590
0.686
0.712
0.695
0.668
0.623
0.615
0.615
0.633
0.637
0.000
0.596
0.592
0.606
0.630
0.598
0.625
0.662
1.110
0.631
0.767
0.742
0.683
0.615
0.911
0.632
0.721
0.857
0.788
0.638
0.660
0.608
0.618
0.000
0.512
0.611
0.732
0.737
0.661
0.000
0.570
0.000
0.000
1.106
1.084
0.802
0.803
0.849
0.832
0.751
0.757
0.771
0.796
0.802
0.805
0.804
0.818
0.826
0.844
0.911
0.888
0.863
0.862
0.843
0.866
1.097
1.125
0.946
0.909
0.857
0.888
0.900
0.900
0.937
0.946
0.955
0.949
0.959
0.986
0.991
0.982
1.012
1.024
1.042
1.049
1.059
1.080
1.119
1.171
1.281
1.300
1.142
1.130
1.164
1.187
1.164
1.192
1.315
1.342
1.336
1.246
1.248
1.318
1.303
1.252
1.221
1.261
1.251
1.241
1.229
1.202
1.185
1.096
1.089
1.051
1.004
0.978
0.967
0.940
0.917
0.903
0.897
0.885
0.870
0.880
0.873
0.873
0.862
0.864
0.867
0.869
0.893
0.883
0.876
0.873
0.886
0.903
0.909
0.909
0.904
0.910
1.038
1.037
0.932
0.918
0.930
0.944
0.951
0.949
0.956
0.958
0.973
0.976
0.982
0.986
0.994
0.995
0.992
1.019
1.008
1.006
1.000
1.003
1.006
0.996
0.979
0.970
1.048
1.032
0.989
0.998
0.967
0.975
1.085
1.113
0.973
0.985
0.966
0.983
0.996
1.010
1.019
1.120
1.148
1.057
1.104
1.166
1.078
1.092
1.089
1.070
1.268
1.259
1.179
1.287
1.258
1.169
1.183
1.153
1.157
1.121
1.051
1.004
0.948
0.909
0.881
0.895
0.879
0.882
0.889
0.893
0.912
0.908
1.045
0.917
1.022
0.915
0.946
0.971
0.942
0.960
0.973
0.979
0.976
0.972
0.962
0.932
0.897
0.870
0.836
0.778
0.759
0.724
0.732
0.729
0.740
0.735
0.727
0.738
0.742
0.752
0.832
0.819
0.817
0.814
0.744
0.752
0.759
0.769
0.740
0.731
0.745
0.731
0.726
0.747
0.758
0.726
0.735
0.732
0.743
0.728
0.732
0.740
0.738
0.750
0.738
0.715
0.713
0.713
0.723
0.705
0.738
0.734
0.728
0.787
0.843
0.773
0.744
0.729
0.687
0.651
0.748
0.741
0.661
0.658
0.658
0.000
0.697
0.671
0.725
0.710
0.665
0.637
0.713
0.710
0.635
0.640
0.638
0.619
0.627
0.621
0.649
0.625
0.619
0.629
0.625
0.623
0.623
0.629
0.000
0.000
0.599
0.617
0.613
0.603
0.598
0.600
0.610
0.617
0.617
0.594
0.602
0.590
0.596
0.606
0.598
0.580
0.715
0.728
0.584
0.588
0.573
0.589
0.976
0.941
0.567
0.571
0.601
0.664
0.690
0.637
0.841
0.812
0.595
0.600
0.605
0.605
0.560
0.577
0.582
0.598
0.584
0.577
0.558
0.647
0.670
0.664
0.632
0.576
0.584
0.569
0.585
0.593
0.000
0.565
0.551
0.558
0.579
0.571
0.572
0.815
0.695
0.571
0.669
0.507
0.436
0.589
0.870
0.594
0.708
0.788
0.604
0.599
0.658
0.581
0.588
0.000
0.736
0.578
0.467
0.689
0.630
0.000
0.543
0.000
0.000
1.158
1.137
0.856
0.843
0.891
0.868
0.792
0.802
0.815
0.835
0.831
0.835
0.834
0.848
0.852
0.863
0.929
0.899
0.875
0.867
0.848
0.868
1.091
1.111
0.938
0.896
0.838
0.865
0.882
0.876
0.909
0.918
0.921
0.915
0.917
0.942
0.939
0.921
0.951
0.956
0.973
0.975
0.975
0.989
1.021
1.053
1.140
1.154
1.018
1.011
1.034
1.048
1.024
1.050
1.175
1.191
1.175
1.106
1.113
1.175
1.172
1.135
1.145
1.203
1.202
1.207
1.255
1.273
1.291
1.220
1.278
1.272
1.276
1.272
1.302
1.305
1.313
1.324
1.337
1.352
1.335
1.354
1.349
1.332
1.311
1.280
1.260
1.228
1.213
1.164
1.126
1.097
1.085
1.083
1.064
1.052
1.034
1.025
1.137
1.123
0.988
0.967
0.966
0.968
0.968
0.966
0.958
0.951
0.959
0.961
0.964
0.973
0.955
0.975
0.976
0.999
0.998
0.996
1.000
1.011
1.029
1.029
1.021
1.032
1.130
1.130
1.092
1.096
1.081
1.089
1.238
1.267
1.117
1.129
1.112
1.142
1.160
1.171
1.193
1.302
1.349
1.257
1.290
1.392
1.236
1.253
1.254
1.243
1.370
1.379
1.261
1.300
1.181
0.994
0.949
0.906
0.908
0.899
0.899
0.901
0.903
0.905
0.924
0.887
0.923
0.919
0.922
0.936
0.967
0.955
1.089
0.954
1.071
0.971
0.996
1.022
0.997
1.008
1.028
1.030
1.025
1.036
1.042
1.037
1.017
1.038
1.015
0.914
0.835
0.803
0.791
0.786
0.779
0.783
0.774
0.774
0.779
0.775
0.856
0.850
0.853
0.856
0.797
0.802
0.825
0.844
0.812
0.806
0.830
0.813
0.815
0.835
0.833
0.791
0.797
0.784
0.777
0.755
0.743
0.748
0.756
0.761
0.756
0.765
0.772
0.766
0.773
0.760
0.800
0.791
0.788
0.860
0.886
0.807
0.765
0.742
0.699
0.696
0.775
0.786
0.708
0.697
0.742
0.000
0.763
0.716
0.796
0.778
0.716
0.702
0.777
0.760
0.666
0.681
0.666
0.645
0.660
0.665
0.700
0.689
0.673
0.667
0.661
0.658
0.652
0.672
0.000
0.000
0.639
0.649
0.649
0.646
0.635
0.636
0.649
0.639
0.630
0.637
0.629
0.626
0.646
0.644
0.652
0.619
0.791
0.760
0.619
0.633
0.623
0.620
1.023
1.024
0.598
0.597
0.626
0.709
0.704
0.666
0.888
0.870
0.637
0.640
0.662
0.634
0.600
0.612
0.611
0.620
0.623
0.615
0.597
0.685
0.700
0.691
0.665
0.611
0.621
0.609
0.622
0.626
0.000
0.592
0.589
0.599
0.615
0.599
0.639
0.707
0.816
0.630
0.779
0.597
0.481
0.609
0.922
0.633
0.728
0.876
0.869
0.629
0.495
0.604
0.598
0.000
0.678
0.599
0.574
0.718
0.656
0.000
0.613
0.000
0.000
1.076
1.049
0.785
0.784
0.831
0.810
0.744
0.761
0.778
0.804
0.789
0.796
0.805
0.827
0.837
0.846
0.903
0.880
0.856
0.838
0.830
0.866
1.078
1.095
0.927
0.869
0.809
0.850
0.886
0.878
0.910
0.919
0.918
0.907
0.912
0.931
0.934
0.909
0.930
0.946
0.963
0.963
0.962
0.968
0.988
1.028
1.108
1.122
0.998
0.988
1.012
1.020
0.988
0.997
1.120
1.136
1.125
1.052
1.060
1.110
1.120
1.080
1.079
1.127
1.117
1.119
1.149
1.143
1.143
1.085
1.121
1.110
1.087
1.071
1.077
1.073
1.072
1.073
1.075
1.073
1.074
1.098
1.092
1.105
1.110
1.105
1.125
1.127
1.173
1.155
1.157
1.171
1.183
1.200
1.211
1.205
1.207
1.199
1.329
1.309
1.157
1.117
1.092
1.072
1.039
1.016
1.000
0.988
0.978
0.966
0.970
0.952
0.983
0.975
0.963
0.998
0.988
0.987
1.000
1.005
1.024
1.022
1.016
1.031
1.109
1.117
1.081
1.095
1.076
1.086
1.231
1.277
1.123
1.126
1.109
1.143
1.167
1.175
1.192
1.317
1.357
1.256
1.259
1.346
1.130
1.057
0.970
0.900
0.968
0.966
0.896
0.964
0.932
0.851
0.866
0.841
0.866
0.874
0.882
0.883
0.881
0.882
0.893
0.855
0.897
0.897
0.882
0.898
0.923
0.926
1.043
0.904
1.021
0.913
0.923
0.956
0.940
0.951
0.941
0.953
0.947
0.966
0.976
0.968
0.961
1.012
1.021
0.971
0.888
0.823
0.783
0.767
0.749
0.745
0.738
0.744
0.747
0.756
0.827
0.825
0.816
0.833
0.757
0.768
0.784
0.808
0.770
0.769
0.786
0.746
0.753
0.775
0.778
0.743
0.756
0.748
0.764
0.733
0.721
0.723
0.727
0.732
0.723
0.732
0.739
0.738
0.743
0.726
0.756
0.758
0.748
0.805
0.818
0.728
0.705
0.689
0.666
0.663
0.746
0.760
0.681
0.662
0.660
0.000
0.712
0.692
0.749
0.744
0.671
0.651
0.742
0.728
0.640
0.645
0.630
0.635
0.635
0.644
0.671
0.641
0.620
0.619
0.619
0.618
0.623
0.629
0.000
0.000
0.614
0.609
0.614
0.615
0.608
0.603
0.624
0.608
0.600
0.598
0.607
0.596
0.597
0.607
0.603
0.590
0.742
0.743
0.592
0.592
0.572
0.591
0.999
0.981
0.570
0.567
0.606
0.689
0.671
0.637
0.888
0.844
0.599
0.607
0.627
0.627
0.562
0.572
0.594
0.604
0.582
0.577
0.574
0.644
0.675
0.648
0.632
0.585
0.574
0.595
0.600
0.595
0.000
0.567
0.565
0.575
0.590
0.575
0.594
0.780
0.746
0.586
0.730
0.857
0.497
0.590
0.895
0.595
0.620
0.990
0.765
0.606
0.858
0.579
0.583
0.000
0.746
0.592
0.521
0.684
0.637
0.000
0.528
0.000
0.000
1.108
1.085
0.810
0.798
0.852
0.838
0.762
0.771
0.789
0.811
0.802
0.810
0.817
0.834
0.845
0.857
0.918
0.894
0.871
0.858
0.842
0.871
1.089
1.115
0.936
0.882
0.827
0.863
0.892
0.887
0.914
0.925
0.926
0.916
0.917
0.937
0.939
0.919
0.940
0.953
0.966
0.969
0.965
0.977
1.005
1.042
1.128
1.136
1.004
0.991
1.020
1.028
0.990
1.022
1.138
1.145
1.148
1.059
1.079
1.133
1.125
1.092
1.089
1.136
1.124
1.132
1.157
1.156
1.170
1.097
1.126
1.122
1.104
1.086
1.102
1.079
1.081
1.082
1.082
1.096
1.086
1.113
1.113
1.119
1.125
1.121
1.135
1.141
1.172
1.176
1.170
1.179
1.198
1.207
1.219
1.221
1.215
1.217
1.353
1.330
1.162
1.115
1.090
1.069
1.054
1.016
0.996
0.989
0.977
0.977
0.972
0.948
0.952
0.981
0.980
1.005
1.002
0.996
1.000
1.015
1.032
1.032
1.035
1.042
1.121
1.132
1.093
1.106
1.087
1.094
1.264
1.292
1.127
1.142
1.123
1.161
1.176
1.196
1.214
1.325
1.371
1.268
1.281
1.344
1.134
1.062
0.974
0.913
0.986
0.954
0.898
0.974
0.941
0.867
0.874
0.861
0.871
0.879
0.887
0.891
0.889
0.892
0.897
0.869
0.892
0.899
0.888
0.903
0.933
0.929
1.050
0.915
1.024
0.925
0.949
0.961
0.945
0.954
0.973
0.975
0.968
0.973
0.978
0.977
0.969
1.022
1.028
0.973
0.884
0.812
0.784
0.767
0.755
0.762
0.752
0.752
0.754
0.761
0.838
0.834
0.819
0.834
0.762
0.773
0.788
0.811
0.781
0.762
0.789
0.760
0.764
0.768
0.781
0.744
0.745
0.748
0.760
0.736
0.736
0.740
0.734
0.738
0.746
0.746
0.750
0.734
0.738
0.731
0.754
0.754
0.762
0.816
0.827
0.736
0.702
0.694
0.673
0.672
0.741
0.749
0.689
0.673
0.703
0.000
0.709
0.699
0.762
0.747
0.685
0.662
0.741
0.739
0.647
0.657
0.641
0.625
0.631
0.646
0.671
0.656
0.638
0.627
0.626
0.621
0.630
0.637
0.000
0.000
0.619
0.625
0.625
0.605
0.601
0.600
0.617
0.619
0.608
0.604
0.608
0.597
0.607
0.611
0.624
0.588
0.759
0.761
0.597
0.598
0.599
0.594
1.002
1.006
0.584
0.565
0.601
0.691
0.704
0.645
0.845
0.827
0.620
0.606
0.630
0.611
0.577
0.595
0.597
0.605
0.582
0.581
0.568
0.658
0.657
0.647
0.642
0.587
0.585
0.569
0.614
0.607
0.000
0.555
0.572
0.575
0.589
0.572
0.608
0.799
0.787
0.594
0.787
0.652
0.604
0.572
0.849
0.598
0.699
0.909
0.509
0.604
0.699
0.581
0.590
0.000
0.425
0.565
0.765
0.695
0.630
0.000
0.497
0.000
0.000
1.121
1.089
0.817
0.810
0.854
0.841
0.757
0.771
0.786
0.810
0.803
0.815
0.818
0.833
0.842
0.859
0.919
0.893
0.872
0.856
0.845
0.871
1.092
1.113
0.938
0.888
0.830
0.866
0.893
0.882
0.915
0.922
0.921
0.911
0.919
0.937
0.938
0.914
0.942
0.956
0.963
0.965
0.968
0.976
1.006
1.034
1.119
1.136
1.001
0.992
1.013
1.026
0.992
1.030
1.133
1.154
1.133
1.065
1.076
1.130
1.128
1.087
1.093
1.134
1.125
1.122
1.168
1.170
1.171
1.101
1.133
1.119
1.112
1.091
1.097
1.085
1.082
1.083
1.086
1.092
1.085
1.107
1.112
1.111
1.126
1.118
1.138
1.146
1.174
1.176
1.166
1.179
1.197
1.214
1.218
1.226
1.206
1.207
1.339
1.319
1.157
1.113
1.091
1.070
1.047
1.022
0.997
0.993
0.987
0.975
0.976
0.938
0.965
0.972
0.973
1.002
0.994
0.995
1.000
1.014
1.029
1.032
1.029
1.038
1.128
1.124
1.093
1.110
1.093
1.095
1.258
1.292
1.124
1.140
1.123
1.157
1.178
1.203
1.218
1.324
1.377
1.270
1.281
1.344
1.141
1.074
0.987
0.917
0.975
0.963
0.902
0.972
0.934
0.869
0.872
0.856
0.875
0.884
0.886
0.884
0.881
0.896
0.907
0.890
0.896
0.901
0.897
0.912
0.925
0.927
1.058
0.917
1.044
0.926
0.935
0.958
0.943
0.958
0.965
0.970
0.964
0.960
0.988
0.974
0.977
1.015
1.022
0.971
0.888
0.806
0.779
0.769
0.755
0.758
0.750
0.755
0.753
0.764
0.823
0.827
0.821
0.834
0.769
0.775
0.792
0.812
0.787
0.780
0.784
0.759
0.768
0.774
0.776
0.735
0.752
0.761
0.759
0.747
0.731
0.748
0.732
0.731
0.745
0.739
0.741
0.746
0.743
0.738
0.771
0.771
0.751
0.807
0.818
0.741
0.711
0.709
0.667
0.666
0.754
0.766
0.695
0.672
0.714
0.000
0.722
0.678
0.755
0.744
0.692
0.674
0.754
0.733
0.637
0.650
0.623
0.624
0.628
0.644
0.663
0.647
0.634
0.628
0.629
0.623
0.628
0.634
0.000
0.000
0.615
0.619
0.620
0.611
0.608
0.603
0.615
0.615
0.619
0.605
0.616
0.598
0.612
0.617
0.628
0.595
0.759
0.720
0.591
0.610
0.589
0.588
0.962
0.994
0.583
0.568
0.589
0.712
0.677
0.645
0.856
0.830
0.604
0.605
0.614
0.627
0.571
0.575
0.599
0.611
0.593
0.582
0.576
0.651
0.684
0.660
0.643
0.587
0.586
0.573
0.614
0.610
0.000
0.566
0.557
0.569
0.590
0.585
0.590
0.645
0.831
0.558
0.746
0.654
0.693
0.588
0.872
0.602
0.659
0.909
0.537
0.589
0.793
0.577
0.567
0.000
0.698
0.580
0.665
0.713
0.628
0.000
0.515
0.000
0.000
1.117
1.088
0.817
0.809
0.850
0.837
0.755
0.767
0.787
0.806
0.809
0.808
0.814
0.832
0.840
0.856
0.917
0.890
0.868
0.856
0.837
0.867
1.085
1.106
0.932
0.880
0.832
0.865
0.887
0.877
0.911
0.922
0.917
0.914
0.918
0.931
0.932
0.911
0.937
0.947
0.956
0.960
0.963
0.971
0.998
1.032
1.115
1.135
0.996
0.985
1.010
1.026
0.991
1.013
1.124
1.152
1.142
1.057
1.063
1.118
1.122
1.081
1.084
1.142
1.118
1.124
1.168
1.158
1.161
1.098
1.128
1.120
1.101
1.078
1.089
1.083
1.077
1.075
1.077
1.095
1.073
1.101
1.102
1.111
1.116
1.111
1.124
1.140
1.170
1.165
1.163
1.175
1.190
1.209
1.217
1.212
1.200
1.202
1.332
1.313
1.159
1.112
1.087
1.062
1.039
1.004
0.996
0.982
0.971
0.971
0.966
0.932
0.950
0.973
0.968
0.989
0.996
0.990
1.000
1.006
1.031
1.024
1.027
1.031
1.112
1.128
1.086
1.101
1.076
1.083
1.251
1.274
1.122
1.133
1.117
1.144
1.171
1.197
1.206
1.323
1.360
1.262
1.276
1.330
1.133
1.046
0.976
0.902
0.974
0.942
0.883
0.956
0.938
0.862
0.871
0.857
0.881
0.874
0.880
0.887
0.891
0.882
0.892
0.866
0.897
0.894
0.888
0.899
0.921
0.919
1.049
0.907
1.030
0.917
0.920
0.972
0.942
0.949
0.962
0.969
0.963
0.963
0.987
0.971
0.965
0.992
1.013
0.962
0.867
0.804
0.779
0.759
0.741
0.758
0.754
0.752
0.740
0.751
0.828
0.825
0.823
0.829
0.761
0.775
0.797
0.810
0.773
0.771
0.785
0.751
0.756
0.776
0.783
0.743
0.745
0.746
0.748
0.735
0.731
0.730
0.720
0.737
0.733
0.736
0.744
0.730
0.731
0.730
0.766
0.769
0.755
0.803
0.812
0.726
0.696
0.694
0.666
0.667
0.751
0.730
0.690
0.673
0.715
0.000
0.717
0.670
0.752
0.737
0.675
0.671
0.721
0.733
0.642
0.646
0.632
0.636
0.641
0.643
0.662
0.646
0.623
0.626
0.629
0.623
0.622
0.621
0.000
0.000
0.608
0.611
0.620
0.614
0.601
0.607
0.611
0.616
0.614
0.608
0.610
0.591
0.605
0.612
0.626
0.593
0.763
0.719
0.588
0.592
0.582
0.588
1.006
0.973
0.581
0.582
0.622
0.697
0.676
0.636
0.854
0.863
0.599
0.606
0.614
0.615
0.568
0.579
0.584
0.601
0.585
0.577
0.577
0.659
0.675
0.656
0.642
0.568
0.573
0.578
0.597
0.601
0.000
0.563
0.566
0.571
0.595
0.584
0.598
0.939
0.834
0.586
0.799
0.526
0.477
0.583
0.910
0.606
0.708
0.855
0.880
0.595
0.548
0.585
0.627
0.000
0.429
0.579
0.772
0.686
0.630
0.000
0.544
