353 180 0.0 2.00 3.0 3.0 0.0 3.0 0.0
0.000
0.000
1.243
1.193
1.028
1.000
1.082
1.100
1.038
0.947
0.966
0.978
0.972
0.944
0.949
0.948
0.935
0.929
0.929
0.910
0.881
0.912
0.910
0.883
0.935
0.903
0.876
0.833
0.879
0.893
0.862
0.863
0.833
0.856
0.853
0.845
0.847
0.849
0.847
0.846
0.836
0.841
0.840
0.839
0.836
0.835
0.834
0.830
0.804
0.810
0.835
0.834
0.833
0.831
0.791
0.801
0.821
0.824
0.846
0.805
0.822
0.818
0.829
0.833
0.814
0.824
0.828
0.836
0.827
0.830
0.835
0.829
0.841
0.827
0.833
0.831
0.828
0.839
0.834
0.832
0.835
0.829
0.831
0.830
0.835
0.831
0.831
0.841
0.822
0.840
0.811
0.831
0.841
0.836
0.835
0.839
0.831
0.837
0.838
0.841
0.835
0.838
0.837
0.837
0.849
0.843
0.844
0.842
0.846
0.856
0.848
0.848
0.850
0.821
0.832
0.852
0.843
0.842
0.851
0.850
0.856
0.851
0.845
0.849
0.849
0.850
0.865
0.863
0.873
0.857
0.862
0.866
0.853
0.856
0.860
0.862
0.868
0.863
0.862
0.864
0.859
0.861
0.867
0.865
0.864
0.843
0.875
0.863
0.871
0.871
0.866
0.866
0.880
0.875
0.877
0.881
0.873
0.880
0.880
0.886
0.881
0.882
0.892
0.892
0.906
0.853
0.895
0.892
0.894
0.899
0.903
0.889
0.902
0.890
0.895
0.905
0.901
0.888
0.899
0.903
0.883
0.888
0.897
0.911
0.907
0.917
0.902
0.911
0.911
0.905
0.910
0.919
0.917
0.925
0.918
0.926
0.928
0.923
0.932
0.927
0.930
0.935
0.938
0.941
0.939
0.941
0.942
0.939
0.946
0.949
0.937
0.948
0.949
0.954
0.953
0.963
0.950
0.947
0.965
0.950
0.952
0.958
0.963
0.953
0.000
0.000
0.000
0.000
0.000
0.000
0.000
0.000
0.000
0.000
0.000
0.000
0.000
0.000
0.000
0.000
0.000
0.000
0.000
0.000
0.000
0.000
0.000
0.000
0.000
0.000
0.000
0.000
0.000
0.000
0.000
0.000
0.000
0.000
0.000
0.000
0.000
0.000
0.000
0.000
0.000
0.000
0.000
0.000
0.000
0.000
0.000
0.000
0.000
1.106
1.116
1.131
1.137
1.129
1.138
1.146
1.127
1.109
0.992
0.911
0.893
0.922
0.932
0.913
0.922
0.936
0.915
0.907
1.008
0.964
0.910
0.926
0.921
0.944
0.935
0.940
0.980
1.019
0.951
0.938
0.950
0.952
0.959
0.955
0.945
0.936
0.963
0.967
0.984
0.984
0.987
0.979
0.967
0.990
0.990
0.994
0.985
1.029
0.000
1.017
1.010
1.024
1.000
1.044
1.002
0.879
1.127
0.955
0.966
1.354
1.054
0.922
0.924
0.984
0.936
1.876
1.061
0.850
1.055
0.952
0.844
0.000
0.986
0.945
1.055
1.036
0.971
0.000
0.888
0.000
0.000
1.247
1.199
1.032
1.004
1.077
1.097
1.038
0.942
0.963
0.976
0.971
0.943
0.946
0.945
0.933
0.929
0.929
0.908
0.881
0.914
0.908
0.882
0.880
0.865
0.852
0.845
0.843
0.839
0.858
0.856
0.864
0.855
0.851
0.844
0.845
0.845
0.846
0.847
0.834
0.837
0.837
0.836
0.836
0.831
0.831
0.827
0.806
0.807
0.831
0.830
0.827
0.830
0.789
0.799
0.823
0.820
0.841
0.802
0.820
0.812
0.829
0.830
0.812
0.818
0.825
0.834
0.829
0.825
0.829
0.826
0.841
0.823
0.830
0.827
0.823
0.836
0.830
0.832
0.832
0.829
0.827
0.827
0.831
0.829
0.825
0.838
0.820
0.834
0.810
0.832
0.841
0.834
0.830
0.835
0.829
0.836
0.838
0.839
0.835
0.836
0.834
0.836
0.848
0.843
0.845
0.842
0.846
0.845
0.842
0.846
0.850
0.816
0.824
0.848
0.840
0.842
0.848
0.849
0.854
0.851
0.845
0.851
0.849
0.849
0.860
0.861
0.869
0.854
0.858
0.864
0.845
0.853
0.859
0.857
0.869
0.860
0.865
0.864
0.852
0.864
0.862
0.862
0.864
0.839
0.870
0.864
0.870
0.870
0.862
0.864
0.879
0.875
0.878
0.875
0.874
0.877
0.876
0.883
0.873
0.878
0.884
0.886
0.903
0.853
0.891
0.888
0.887
0.894
0.899
0.888
0.902
0.887
0.892
0.900
0.890
0.889
0.896
0.898
0.883
0.884
0.896
0.904
0.905
0.915
0.900
0.909
0.914
0.902
0.910
0.919
0.913
0.927
0.917
0.918
0.919
0.925
0.930
0.918
0.926
0.928
0.928
0.930
0.929
0.939
0.938
0.943
0.940
0.949
0.937
0.945
0.944
0.962
0.950
0.958
0.944
0.952
0.959
0.947
0.948
0.958
0.966
0.949
0.000
0.000
0.000
0.000
0.000
0.000
0.000
0.000
0.000
0.000
0.000
0.000
0.000
0.000
0.000
0.000
0.000
0.000
0.000
0.000
0.000
0.000
0.000
0.000
0.000
0.000
0.000
0.000
0.000
0.000
0.000
0.000
0.000
0.000
0.000
0.000
0.000
0.000
0.000
0.000
0.000
0.000
0.000
0.000
0.000
0.000
0.000
0.000
0.000
1.109
1.119
1.122
1.129
1.129
1.139
1.139
1.121
1.105
0.985
0.898
0.881
0.924
0.930
0.913
0.913
0.922
0.909
0.915
1.003
0.958
0.920
0.926
0.912
0.940
0.926
0.941
0.992
1.015
0.940
0.922
0.948
0.939
0.956
0.955
0.937
0.944
0.955
0.970
0.971
0.979
0.980
0.976
0.957
0.988
0.983
0.997
0.990
1.025
0.000
1.005
1.011
1.026
1.000
1.034
0.997
0.788
0.966
0.939
0.979
1.188
0.913
0.920
0.919
0.976
0.911
1.940
0.977
0.856
1.037
0.950
0.839
0.000
0.906
0.938
0.950
1.002
0.976
0.000
0.892
0.000
0.000
1.247
1.199
1.032
1.004
1.077
1.097
1.038
0.942
0.963
0.976
0.971
0.943
0.946
0.945
0.933
0.929
0.929
0.908
0.881
0.914
0.908
0.882
0.880
0.865
0.852
0.845
0.843
0.839
0.858
0.856
0.864
0.855
0.851
0.844
0.845
0.845
0.846
0.847
0.834
0.837
0.837
0.836
0.836
0.831
0.831
0.827
0.806
0.807
0.831
0.830
0.827
0.830
0.789
0.799
0.823
0.820
0.841
0.802
0.820
0.812
0.829
0.830
0.812
0.818
0.825
0.834
0.829
0.825
0.829
0.826
0.841
0.823
0.830
0.827
0.823
0.836
0.830
0.832
0.832
0.829
0.827
0.827
0.831
0.829
0.825
0.838
0.820
0.834
0.810
0.832
0.841
0.834
0.830
0.835
0.829
0.836
0.838
0.839
0.835
0.836
0.834
0.836
0.848
0.843
0.845
0.842
0.846
0.845
0.842
0.846
0.850
0.816
0.824
0.848
0.840
0.842
0.848
0.849
0.854
0.851
0.845
0.851
0.849
0.849
0.860
0.861
0.869
0.854
0.858
0.864
0.845
0.853
0.859
0.857
0.869
0.860
0.865
0.864
0.852
0.864
0.862
0.862
0.864
0.839
0.870
0.864
0.870
0.870
0.862
0.864
0.879
0.875
0.878
0.875
0.874
0.877
0.876
0.883
0.873
0.878
0.884
0.886
0.903
0.853
0.891
0.888
0.887
0.894
0.899
0.888
0.902
0.887
0.892
0.900
0.890
0.889
0.896
0.898
0.883
0.884
0.896
0.904
0.905
0.915
0.900
0.909
0.914
0.902
0.910
0.919
0.913
0.927
0.917
0.918
0.919
0.925
0.930
0.918
0.926
0.928
0.928
0.930
0.929
0.939
0.938
0.943
0.940
0.949
0.937
0.945
0.944
0.962
0.950
0.958
0.944
0.952
0.959
0.947
0.948
0.958
0.966
0.949
0.000
0.000
0.000
0.000
0.000
0.000
0.000
0.000
0.000
0.000
0.000
0.000
0.000
0.000
0.000
0.000
0.000
0.000
0.000
0.000
0.000
0.000
0.000
0.000
0.000
0.000
0.000
0.000
0.000
0.000
0.000
0.000
0.000
0.000
0.000
0.000
0.000
0.000
0.000
0.000
0.000
0.000
0.000
0.000
0.000
0.000
0.000
0.000
0.000
1.109
1.119
1.122
1.129
1.129
1.139
1.139
1.121
1.105
0.985
0.898
0.881
0.924
0.930
0.913
0.913
0.922
0.909
0.915
1.003
0.958
0.920
0.926
0.912
0.940
0.926
0.941
0.992
1.015
0.940
0.922
0.948
0.939
0.956
0.955
0.937
0.944
0.955
0.970
0.971
0.979
0.980
0.976
0.957
0.988
0.983
0.997
0.990
1.025
0.000
1.005
1.011
1.026
1.000
1.034
0.997
0.788
0.966
0.939
0.979
1.188
0.913
0.920
0.919
0.976
0.911
1.940
0.977
0.856
1.037
0.950
0.839
0.000
0.906
0.938
0.950
1.002
0.976
0.000
0.892
0.000
0.000
1.258
1.208
1.037
1.008
1.086
1.101
1.037
0.943
0.963
0.977
0.976
0.947
0.944
0.943
0.931
0.926
0.927
0.907
0.877
0.914
0.911
0.877
0.877
0.861
0.850
0.846
0.846
0.838
0.856
0.851
0.856
0.849
0.847
0.838
0.842
0.842
0.839
0.843
0.828
0.833
0.835
0.831
0.829
0.828
0.825
0.822
0.801
0.800
0.825
0.825
0.823
0.827
0.787
0.796
0.819
0.820
0.837
0.799
0.817
0.808
0.815
0.826
0.811
0.816
0.822
0.828
0.819
0.824
0.826
0.822
0.831
0.820
0.829
0.823
0.820
0.826
0.824
0.824
0.828
0.821
0.819
0.824
0.831
0.824
0.823
0.834
0.815
0.832
0.805
0.825
0.837
0.828
0.829
0.828
0.823
0.831
0.833
0.836
0.830
0.828
0.827
0.830
0.838
0.833
0.838
0.836
0.841
0.847
0.838
0.841
0.841
0.808
0.823
0.841
0.834
0.838
0.842
0.841
0.846
0.845
0.837
0.847
0.847
0.845
0.851
0.853
0.858
0.847
0.853
0.856
0.843
0.846
0.857
0.856
0.861
0.859
0.858
0.858
0.850
0.857
0.858
0.855
0.856
0.839
0.866
0.857
0.862
0.862
0.857
0.863
0.871
0.869
0.867
0.869
0.868
0.871
0.865
0.879
0.868
0.869
0.883
0.882
0.897
0.850
0.877
0.887
0.883
0.889
0.898
0.878
0.894
0.882
0.892
0.893
0.884
0.886
0.889
0.888
0.881
0.882
0.889
0.895
0.892
0.906
0.888
0.904
0.899
0.897
0.907
0.911
0.908
0.914
0.916
0.911
0.905
0.915
0.922
0.920
0.928
0.924
0.926
0.923
0.926
0.929
0.927
0.928
0.932
0.939
0.934
0.942
0.945
0.946
0.938
0.950
0.943
0.945
0.962
0.943
0.939
0.951
0.960
0.943
0.000
0.000
0.000
0.000
0.000
0.000
0.000
0.000
0.000
0.000
0.000
0.000
0.000
0.000
0.000
0.000
0.000
0.000
0.000
0.000
0.000
0.000
0.000
0.000
0.000
0.000
0.000
0.000
0.000
0.000
0.000
0.000
0.000
0.000
0.000
0.000
0.000
0.000
0.000
0.000
0.000
0.000
0.000
0.000
0.000
0.000
0.000
0.000
0.000
1.103
1.113
1.112
1.119
1.117
1.127
1.131
1.118
1.107
0.984
0.893
0.879
0.912
0.921
0.911
0.915
0.918
0.903
0.902
0.986
0.950
0.913
0.915
0.918
0.926
0.927
0.935
0.981
1.009
0.937
0.923
0.936
0.932
0.948
0.946
0.933
0.933
0.954
0.968
0.974
0.971
0.963
0.967
0.962
0.987
0.981
1.003
0.977
1.011
0.000
1.001
1.003
1.008
1.000
1.039
0.991
0.920
1.042
0.927
0.979
1.321
0.862
0.910
0.896
0.977
0.929
1.821
1.013
0.850
0.923
0.948
0.850
0.000
0.871
0.928
0.797
1.007
0.962
0.000
0.949
0.000
0.000
1.258
1.208
1.037
1.008
1.086
1.101
1.037
0.943
0.963
0.977
0.976
0.947
0.944
0.943
0.931
0.926
0.927
0.907
0.877
0.914
0.911
0.877
0.877
0.861
0.850
0.846
0.846
0.838
0.856
0.851
0.856
0.849
0.847
0.838
0.842
0.842
0.839
0.843
0.828
0.833
0.835
0.831
0.829
0.828
0.825
0.822
0.801
0.800
0.825
0.825
0.823
0.827
0.787
0.796
0.819
0.820
0.837
0.799
0.817
0.808
0.815
0.826
0.811
0.816
0.822
0.828
0.819
0.824
0.826
0.822
0.831
0.820
0.829
0.823
0.820
0.826
0.824
0.824
0.828
0.821
0.819
0.824
0.831
0.824
0.823
0.834
0.815
0.832
0.805
0.825
0.837
0.828
0.829
0.828
0.823
0.831
0.833
0.836
0.830
0.828
0.827
0.830
0.838
0.833
0.838
0.836
0.841
0.847
0.838
0.841
0.841
0.808
0.823
0.841
0.834
0.838
0.842
0.841
0.846
0.845
0.837
0.847
0.847
0.845
0.851
0.853
0.858
0.847
0.853
0.856
0.843
0.846
0.857
0.856
0.861
0.859
0.858
0.858
0.850
0.857
0.858
0.855
0.856
0.839
0.866
0.857
0.862
0.862
0.857
0.863
0.871
0.869
0.867
0.869
0.868
0.871
0.865
0.879
0.868
0.869
0.883
0.882
0.897
0.850
0.877
0.887
0.883
0.889
0.898
0.878
0.894
0.882
0.892
0.893
0.884
0.886
0.889
0.888
0.881
0.882
0.889
0.895
0.892
0.906
0.888
0.904
0.899
0.897
0.907
0.911
0.908
0.914
0.916
0.911
0.905
0.915
0.922
0.920
0.928
0.924
0.926
0.923
0.926
0.929
0.927
0.928
0.932
0.939
0.934
0.942
0.945
0.946
0.938
0.950
0.943
0.945
0.962
0.943
0.939
0.951
0.960
0.943
0.000
0.000
0.000
0.000
0.000
0.000
0.000
0.000
0.000
0.000
0.000
0.000
0.000
0.000
0.000
0.000
0.000
0.000
0.000
0.000
0.000
0.000
0.000
0.000
0.000
0.000
0.000
0.000
0.000
0.000
0.000
0.000
0.000
0.000
0.000
0.000
0.000
0.000
0.000
0.000
0.000
0.000
0.000
0.000
0.000
0.000
0.000
0.000
0.000
1.103
1.113
1.112
1.119
1.117
1.127
1.131
1.118
1.107
0.984
0.893
0.879
0.912
0.921
0.911
0.915
0.918
0.903
0.902
0.986
0.950
0.913
0.915
0.918
0.926
0.927
0.935
0.981
1.009
0.937
0.923
0.936
0.932
0.948
0.946
0.933
0.933
0.954
0.968
0.974
0.971
0.963
0.967
0.962
0.987
0.981
1.003
0.977
1.011
0.000
1.001
1.003
1.008
1.000
1.039
0.991
0.920
1.042
0.927
0.979
1.321
0.862
0.910
0.896
0.977
0.929
1.821
1.013
0.850
0.923
0.948
0.850
0.000
0.871
0.928
0.797
1.007
0.962
0.000
0.949
