353 180 0.0 2.00 2.0 2.0 0.7 1.93 0.0
0.000
0.000
0.000
0.000
0.000
0.000
0.000
0.000
0.000
0.000
0.000
0.000
0.000
0.000
0.000
0.000
0.000
0.000
0.000
0.000
0.000
0.000
0.000
0.000
0.000
0.000
0.000
0.000
0.000
0.000
0.000
0.000
0.000
2.250
2.292
2.331
2.343
2.369
2.422
2.478
2.480
2.488
2.544
2.578
2.599
2.617
2.625
2.692
2.601
2.632
2.699
2.709
2.696
2.695
2.438
2.384
2.412
2.422
2.358
2.355
2.269
2.205
2.252
2.191
1.969
1.933
2.030
2.095
2.072
2.010
2.003
2.055
2.127
2.075
1.979
1.990
2.024
2.054
2.041
2.078
2.069
2.080
2.086
2.068
2.074
2.098
2.111
2.128
2.149
2.119
2.163
2.139
2.142
2.154
2.170
2.240
2.215
2.221
2.235
2.212
2.215
2.199
2.278
2.299
2.290
2.252
2.301
2.272
2.309
0.000
0.000
2.356
2.349
2.126
2.149
2.400
2.398
2.419
2.365
2.390
2.311
2.310
2.224
2.283
2.260
2.240
2.292
2.248
2.143
2.171
2.204
2.204
2.137
2.121
2.124
2.147
2.049
2.049
2.086
2.049
2.053
2.022
2.043
1.971
1.977
2.335
1.997
1.970
1.988
1.952
1.883
1.857
1.923
1.944
1.935
1.890
1.863
1.810
1.810
1.813
0.000
1.682
1.701
1.701
1.619
1.565
1.592
1.593
1.579
1.564
1.564
1.590
1.587
1.574
1.515
1.558
1.541
1.578
1.569
1.576
1.490
1.470
1.570
1.547
1.562
1.574
1.533
1.462
1.474
1.510
1.518
1.536
1.505
1.514
1.479
1.502
1.484
1.505
1.465
1.521
1.470
1.444
1.451
1.449
1.405
1.433
1.399
1.365
1.434
1.369
1.385
1.382
1.445
1.410
1.360
1.362
1.342
1.353
1.299
1.307
1.327
1.267
1.313
1.269
1.247
1.253
1.257
1.253
1.225
1.240
1.255
1.216
1.258
1.188
1.183
1.238
1.204
1.221
1.164
1.236
1.206
1.222
1.200
1.176
1.180
1.191
1.200
1.142
1.162
1.180
1.167
1.209
1.156
1.104
1.138
1.132
1.138
1.141
1.115
1.114
1.134
1.110
1.093
1.079
1.116
1.100
1.105
1.074
1.082
1.108
1.090
1.071
1.099
1.100
1.103
1.108
1.062
1.046
1.035
1.032
1.041
1.022
1.029
1.061
1.065
1.035
1.049
1.028
1.031
1.040
0.987
1.042
1.063
1.066
1.047
1.106
1.011
0.983
1.082
1.060
1.012
1.078
1.000
1.025
1.007
1.002
1.007
1.001
1.044
1.058
1.027
1.008
1.033
1.023
1.044
0.997
0.984
1.053
1.036
0.987
1.047
1.005
0.000
1.023
1.054
1.042
1.058
1.067
1.025
1.038
1.021
0.961
0.835
3.920
1.350
1.061
0.653
1.248
1.071
1.070
0.963
0.988
1.066
0.994
0.946
0.000
0.000
1.139
0.174
1.016
1.016
1.307
1.307
0.000
0.000
0.000
0.000
0.000
0.000
0.000
0.000
0.000
0.000
0.000
0.000
0.000
0.000
0.000
0.000
0.000
0.000
0.000
0.000
0.000
0.000
0.000
0.000
0.000
0.000
0.000
0.000
0.000
0.000
0.000
0.000
0.000
1.138
1.134
1.156
1.152
1.170
1.171
1.206
1.195
1.192
1.220
1.223
1.225
1.231
1.239
1.256
1.212
1.219
1.291
1.292
1.315
1.325
1.310
1.319
1.338
1.372
1.374
1.411
1.397
1.419
1.498
1.506
1.396
1.381
1.489
1.572
1.588
1.546
1.567
1.628
1.673
1.668
1.561
1.552
1.580
1.574
1.527
1.506
1.436
1.368
1.325
1.245
1.173
1.141
1.115
1.088
1.069
1.039
1.045
1.024
1.016
1.005
1.002
1.020
0.994
0.997
1.000
0.977
0.985
0.989
1.001
1.010
1.022
0.987
0.998
0.996
1.011
0.000
0.000
1.021
1.016
0.995
0.937
1.039
1.050
1.049
1.054
1.058
1.032
1.032
1.017
1.051
1.048
1.055
1.086
1.065
1.004
1.052
1.065
1.059
1.022
1.038
1.038
1.047
1.019
1.042
1.037
1.027
1.029
1.024
1.049
1.014
0.994
1.067
1.014
0.998
1.006
1.032
0.970
0.975
1.019
1.041
1.050
1.023
1.021
1.020
1.024
1.039
0.000
0.996
1.016
1.069
1.048
1.068
1.029
1.027
1.065
1.041
1.054
1.051
1.057
1.065
1.022
1.046
1.027
1.060
1.068
1.058
1.020
1.016
1.105
1.090
1.106
1.112
1.107
1.077
1.053
1.076
1.089
1.112
1.090
1.073
1.076
1.106
1.096
1.123
1.112
1.135
1.102
1.119
1.148
1.134
1.118
1.122
1.093
1.130
1.206
1.134
1.153
1.186
1.227
1.186
1.191
1.211
1.200
1.205
1.171
1.195
1.227
1.185
1.204
1.210
1.182
1.211
1.230
1.241
1.205
1.244
1.236
1.234
1.284
1.216
1.225
1.259
1.262
1.271
1.230
1.305
1.258
1.315
1.297
1.293
1.304
1.321
1.356
1.248
1.174
1.152
1.161
1.169
1.117
1.149
1.120
1.123
1.166
1.147
1.159
1.108
1.007
1.008
0.979
1.017
1.012
1.006
1.000
0.980
0.984
1.017
1.000
0.975
0.989
1.001
0.966
1.012
0.987
0.968
0.971
0.977
0.976
0.961
0.955
0.995
1.013
0.985
0.976
0.982
1.002
1.000
0.950
1.029
1.052
1.103
0.998
1.069
0.974
0.964
1.048
1.006
1.042
1.083
1.000
1.016
0.973
0.983
0.977
0.985
1.021
0.992
0.942
0.936
0.970
0.972
0.966
0.948
0.957
0.945
0.957
0.927
0.945
0.949
0.000
0.952
0.998
0.984
0.972
0.962
0.952
0.948
0.988
0.868
0.685
3.576
1.288
0.952
0.626
1.086
0.974
0.957
0.882
0.896
0.935
0.924
0.862
0.000
0.000
1.073
0.858
1.005
0.358
0.000
0.894
0.000
0.000
0.000
0.000
0.000
0.000
0.000
0.000
0.000
0.000
0.000
0.000
0.000
0.000
0.000
0.000
0.000
0.000
0.000
0.000
0.000
0.000
0.000
0.000
0.000
0.000
0.000
0.000
0.000
0.000
0.000
0.000
0.000
1.007
1.014
1.023
1.007
1.021
1.030
1.037
1.038
1.022
1.046
1.046
1.043
1.034
1.032
1.050
1.002
1.007
1.051
1.042
1.056
1.055
1.045
1.049
1.038
1.060
1.047
1.063
1.044
1.043
1.101
1.101
1.019
0.991
1.061
1.117
1.100
1.084
1.088
1.118
1.167
1.175
1.094
1.094
1.107
1.122
1.128
1.146
1.133
1.137
1.153
1.139
1.146
1.156
1.163
1.175
1.180
1.169
1.180
1.193
1.185
1.180
1.188
1.225
1.206
1.218
1.208
1.206
1.204
1.194
1.246
1.259
1.272
1.238
1.263
1.248
1.286
0.000
0.000
1.291
1.300
1.236
1.242
1.337
1.348
1.376
1.368
1.383
1.382
1.379
1.352
1.430
1.436
1.439
1.472
1.469
1.436
1.452
1.492
1.516
1.473
1.480
1.499
1.510
1.445
1.431
1.365
1.330
1.281
1.235
1.219
1.153
1.106
1.207
1.118
1.079
1.113
1.111
1.062
1.053
1.097
1.144
1.133
1.112
1.105
1.087
1.107
1.119
0.000
1.080
1.116
1.132
1.128
1.122
1.107
1.137
1.158
1.133
1.138
1.152
1.158
1.164
1.129
1.173
1.137
1.197
1.179
1.171
1.123
1.134
1.199
1.214
1.211
1.228
1.215
1.195
1.200
1.230
1.219
1.242
1.234
1.249
1.242
1.262
1.261
1.291
1.285
1.295
1.282
1.283
1.263
1.247
1.240
1.232
1.208
1.185
1.256
1.207
1.162
1.220
1.267
1.233
1.229
1.251
1.250
1.250
1.233
1.239
1.296
1.248
1.274
1.248
1.265
1.241
1.257
1.266
1.248
1.280
1.295
1.305
1.356
1.262
1.311
1.320
1.337
1.362
1.345
1.392
1.287
1.195
1.162
1.115
1.130
1.178
1.176
1.119
1.138
1.143
1.147
1.211
1.180
1.163
1.153
1.180
1.185
1.185
1.187
1.246
1.233
1.233
1.202
1.222
1.197
1.080
1.052
1.028
1.035
1.064
1.045
1.052
1.071
1.071
1.073
1.111
1.060
1.064
1.062
1.055
1.082
1.078
1.042
1.061
1.066
1.026
1.027
1.046
1.070
1.061
0.986
1.072
1.142
1.168
1.087
1.133
1.005
1.007
1.082
1.055
1.083
1.119
1.000
1.060
1.029
1.045
1.054
1.028
1.028
1.006
0.998
0.989
1.046
1.024
1.048
1.008
1.027
1.012
0.990
0.975
0.999
1.025
0.000
1.029
1.019
1.010
1.037
1.009
1.010
0.974
1.007
0.985
0.889
0.712
1.067
1.096
0.889
1.181
1.024
1.007
0.956
0.966
0.951
1.014
0.914
0.000
0.000
1.149
1.708
0.904
0.712
0.712
1.423
0.000
0.000
0.000
0.000
0.000
0.000
0.000
0.000
0.000
0.000
0.000
0.000
0.000
0.000
0.000
0.000
0.000
0.000
0.000
0.000
0.000
0.000
0.000
0.000
0.000
0.000
0.000
0.000
0.000
0.000
0.000
0.000
0.000
1.007
1.023
1.018
1.019
1.023
1.035
1.042
1.039
1.021
1.051
1.052
1.049
1.044
1.049
1.057
1.009
1.011
1.057
1.050
1.050
1.066
1.067
1.057
1.054
1.070
1.042
1.073
1.049
1.056
1.095
1.107
1.025
0.996
1.068
1.121
1.111
1.080
1.090
1.120
1.178
1.174
1.098
1.095
1.121
1.135
1.131
1.138
1.141
1.154
1.158
1.144
1.144
1.167
1.163
1.175
1.165
1.181
1.185
1.187
1.178
1.186
1.206
1.228
1.214
1.220
1.214
1.203
1.194
1.209
1.242
1.249
1.255
1.234
1.265
1.258
1.276
0.000
0.000
1.307
1.316
1.201
1.224
1.344
1.351
1.369
1.375
1.390
1.374
1.394
1.358
1.418
1.430
1.434
1.484
1.477
1.413
1.457
1.493
1.522
1.483
1.467
1.498
1.518
1.471
1.431
1.381
1.336
1.293
1.230
1.215
1.148
1.120
1.192
1.109
1.097
1.096
1.106
1.071
1.054
1.089
1.124
1.128
1.108
1.109
1.098
1.110
1.125
0.000
1.095
1.102
1.129
1.110
1.054
1.119
1.118
1.141
1.140
1.154
1.158
1.159
1.164
1.126
1.169
1.142
1.200
1.180
1.182
1.153
1.138
1.194
1.202
1.203
1.212
1.206
1.187
1.194
1.196
1.266
1.259
1.245
1.243
1.219
1.274
1.251
1.251
1.285
1.281
1.265
1.254
1.266
1.264
1.241
1.223
1.196
1.185
1.226
1.197
1.193
1.226
1.253
1.250
1.218
1.240
1.225
1.246
1.201
1.246
1.290
1.247
1.273
1.246
1.244
1.259
1.277
1.294
1.260
1.301
1.304
1.287
1.355
1.288
1.299
1.371
1.337
1.354
1.331
1.391
1.253
1.210
1.153
1.124
1.115
1.150
1.174
1.137
1.127
1.155
1.164
1.162
1.156
1.197
1.177
1.193
1.206
1.190
1.210
1.205
1.215
1.223
1.207
1.240
1.215
1.102
1.043
1.020
1.029
1.055
1.050
1.072
1.048
1.053
1.087
1.083
1.060
1.070
1.048
1.094
1.087
1.067
1.041
1.075
1.068
1.046
1.066
1.059
1.065
1.070
1.007
1.075
1.128
1.144
1.078
1.145
1.033
0.996
1.102
1.059
1.074
1.104
1.000
1.040
1.013
1.020
1.045
1.070
1.034
1.022
0.975
0.980
1.039
1.026
1.008
0.990
0.985
1.031
1.026
1.007
1.018
1.031
0.000
1.026
1.027
1.053
1.033
0.988
0.993
1.019
1.004
0.976
0.597
3.768
1.093
0.996
0.659
1.126
1.011
1.034
0.958
0.935
0.984
1.017
0.890
0.000
0.000
1.044
0.754
0.927
0.754
0.000
0.377
0.000
0.000
0.000
0.000
0.000
0.000
0.000
0.000
0.000
0.000
0.000
0.000
0.000
0.000
0.000
0.000
0.000
0.000
0.000
0.000
0.000
0.000
0.000
0.000
0.000
0.000
0.000
0.000
0.000
0.000
0.000
0.000
0.000
1.026
1.029
1.040
1.035
1.045
1.052
1.055
1.054
1.052
1.068
1.072
1.063
1.063
1.062
1.078
1.035
1.031
1.080
1.083
1.081
1.079
1.074
1.080
1.055
1.098
1.067
1.091
1.066
1.065
1.108
1.107
1.021
0.991
1.061
1.114
1.119
1.075
1.075
1.095
1.168
1.162
1.075
1.060
1.075
1.089
1.074
1.088
1.083
1.097
1.104
1.092
1.083
1.105
1.090
1.117
1.106
1.106
1.110
1.103
1.099
1.102
1.102
1.150
1.119
1.133
1.121
1.112
1.138
1.101
1.137
1.143
1.162
1.121
1.155
1.132
1.157
0.000
0.000
1.166
1.153
1.114
1.144
1.193
1.200
1.203
1.203
1.208
1.189
1.205
1.182
1.215
1.222
1.217
1.252
1.249
1.211
1.219
1.263
1.266
1.250
1.259
1.258
1.294
1.280
1.309
1.294
1.315
1.324
1.340
1.380
1.327
1.347
1.498
1.379
1.375
1.391
1.414
1.357
1.355
1.419
1.488
1.464
1.432
1.416
1.372
1.374
1.317
0.000
1.194
1.173
1.181
1.150
1.154
1.150
1.155
1.158
1.146
1.174
1.194
1.210
1.196
1.168
1.192
1.165
1.203
1.197
1.184
1.140
1.126
1.217
1.217
1.178
1.190
1.155
1.120
1.117
1.147
1.144
1.160
1.132
1.143
1.142
1.156
1.151
1.163
1.160
1.208
1.168
1.170
1.208
1.194
1.201
1.200
1.199
1.188
1.240
1.205
1.204
1.251
1.267
1.284
1.273
1.276
1.269
1.276
1.244
1.269
1.311
1.234
1.282
1.270
1.280
1.279
1.281
1.315
1.264
1.308
1.321
1.316
1.352
1.278
1.295
1.307
1.227
1.144
1.093
1.130
1.094
1.129
1.168
1.097
1.094
1.173
1.149
1.100
1.125
1.144
1.138
1.167
1.154
1.131
1.132
1.136
1.189
1.155
1.160
1.192
1.192
1.198
1.174
1.185
1.234
1.208
1.161
1.070
1.017
1.058
1.037
1.039
1.044
1.051
1.049
1.058
1.040
1.031
1.026
1.043
1.048
1.029
1.013
1.079
1.048
1.052
1.074
1.044
1.045
1.065
0.998
1.064
1.074
1.109
1.008
1.054
0.982
0.955
1.051
1.041
1.042
1.097
1.000
1.047
1.022
1.025
1.048
0.991
1.005
0.988
0.993
0.987
1.045
1.005
0.998
1.039
0.987
1.027
1.029
0.982
0.979
0.981
0.000
1.002
1.026
1.020
1.049
0.962
1.003
0.966
0.992
1.024
0.812
1.741
1.218
1.034
0.696
1.143
1.004
0.990
0.957
0.949
1.022
0.867
0.951
0.000
0.000
1.205
0.835
0.989
0.348
1.044
0.522
0.000
0.000
0.000
0.000
0.000
0.000
0.000
0.000
0.000
0.000
0.000
0.000
0.000
0.000
0.000
0.000
0.000
0.000
0.000
0.000
0.000
0.000
0.000
0.000
0.000
0.000
0.000
0.000
0.000
0.000
0.000
0.000
0.000
1.024
1.030
1.033
1.024
1.031
1.028
1.034
1.027
1.017
1.029
1.034
1.027
1.016
1.016
1.026
0.973
0.966
1.012
1.012
1.009
1.005
1.001
1.005
1.002
1.018
0.994
1.010
0.991
0.981
1.026
1.029
0.955
0.929
0.984
1.035
1.032
1.010
1.012
1.034
1.088
1.077
1.021
1.001
1.028
1.039
1.034
1.045
1.044
1.047
1.054
1.039
1.040
1.060
1.052
1.057
1.065
1.058
1.063
1.056
1.062
1.056
1.064
1.106
1.075
1.077
1.083
1.064
1.069
1.057
1.092
1.094
1.093
1.081
1.101
1.092
1.108
0.000
0.000
1.110
1.107
1.041
1.072
1.137
1.144
1.147
1.144
1.157
1.142
1.143
1.118
1.156
1.168
1.165
1.196
1.187
1.140
1.172
1.199
1.210
1.177
1.201
1.210
1.241
1.211
1.234
1.229
1.251
1.260
1.268
1.292
1.263
1.262
1.400
1.292
1.279
1.307
1.310
1.259
1.271
1.333
1.380
1.368
1.354
1.350
1.326
1.342
1.342
0.000
1.281
1.315
1.323
1.304
1.257
1.304
1.313
1.346
1.321
1.338
1.353
1.352
1.351
1.291
1.298
1.223
1.212
1.169
1.134
1.072
1.050
1.121
1.117
1.124
1.138
1.116
1.084
1.089
1.110
1.123
1.137
1.116
1.113
1.112
1.148
1.127
1.141
1.153
1.180
1.152
1.168
1.183
1.182
1.170
1.172
1.174
1.171
1.231
1.203
1.195
1.239
1.259
1.247
1.240
1.259
1.260
1.276
1.244
1.271
1.316
1.254
1.297
1.276
1.273
1.287
1.303
1.318
1.297
1.334
1.319
1.246
1.182
1.056
1.063
1.082
1.078
1.096
1.067
1.104
1.072
1.111
1.092
1.069
1.068
1.101
1.121
1.070
1.077
1.112
1.133
1.133
1.112
1.115
1.121
1.120
1.148
1.128
1.129
1.161
1.159
1.155
1.140
1.175
1.191
1.163
1.173
1.163
1.131
1.089
1.015
1.005
1.024
1.015
1.030
1.025
1.002
1.017
1.004
1.015
1.030
1.019
1.005
1.048
1.040
1.041
1.068
1.063
1.041
1.040
0.972
1.038
1.067
1.053
1.003
1.047
0.964
0.948
1.028
1.017
1.039
1.078
1.000
1.027
1.002
0.999
1.023
0.981
1.011
1.011
0.969
0.967
1.015
0.984
0.988
0.977
0.970
1.014
1.000
0.984
0.977
0.976
0.000
0.988
1.005
1.007
1.009
0.982
0.954
0.956
0.965
0.906
0.709
2.968
0.936
1.000
0.544
1.117
0.986
0.985
0.909
0.897
0.959
0.924
0.850
0.000
0.000
1.126
0.607
0.911
0.594
1.121
0.989
0.000
0.000
0.000
0.000
0.000
0.000
0.000
0.000
0.000
0.000
0.000
0.000
0.000
0.000
0.000
0.000
0.000
0.000
0.000
0.000
0.000
0.000
0.000
0.000
0.000
0.000
0.000
0.000
0.000
0.000
0.000
0.000
0.000
0.984
0.983
0.995
0.979
0.990
0.997
1.006
0.996
0.999
1.017
1.021
1.015
1.005
1.010
1.022
0.983
0.980
1.016
1.018
1.020
1.025
1.019
1.027
1.026
1.040
1.022
1.030
1.013
1.010
1.048
1.065
0.993
0.965
1.031
1.075
1.076
1.051
1.061
1.091
1.145
1.139
1.065
1.052
1.083
1.098
1.099
1.107
1.108
1.113
1.117
1.104
1.104
1.136
1.132
1.142
1.146
1.129
1.145
1.154
1.145
1.144
1.151
1.199
1.175
1.181
1.186
1.175
1.167
1.156
1.224
1.220
1.226
1.207
1.223
1.230
1.241
0.000
0.000
1.253
1.242
1.156
1.216
1.273
1.282
1.291
1.285
1.296
1.266
1.253
1.222
1.250
1.244
1.215
1.239
1.205
1.142
1.153
1.164
1.161
1.132
1.146
1.140
1.148
1.114
1.131
1.136
1.148
1.149
1.145
1.156
1.122
1.125
1.265
1.162
1.146
1.167
1.172
1.131
1.146
1.162
1.213
1.204
1.181
1.188
1.178
1.215
1.214
0.000
1.171
1.198
1.250
1.240
1.187
1.241
1.252
1.293
1.251
1.260
1.279
1.314
1.298
1.269
1.302
1.275
1.323
1.338
1.345
1.309
1.283
1.362
1.374
1.392
1.407
1.391
1.349
1.327
1.344
1.307
1.269
1.212
1.180
1.175
1.200
1.177
1.171
1.199
1.217
1.219
1.216
1.203
1.227
1.211
1.215
1.208
1.207
1.270
1.238
1.230
1.270
1.303
1.318
1.294
1.308
1.312
1.332
1.280
1.310
1.360
1.290
1.323
1.331
1.342
1.322
1.246
1.150
1.061
1.080
1.062
1.071
1.116
1.035
1.039
1.090
1.109
1.103
1.074
1.149
1.106
1.127
1.141
1.108
1.120
1.153
1.171
1.116
1.127
1.128
1.122
1.169
1.150
1.124
1.118
1.119
1.137
1.123
1.147
1.159
1.170
1.127
1.164
1.167
1.211
1.175
1.181
1.165
1.188
1.208
1.190
1.065
1.084
1.042
1.037
1.043
1.021
1.048
1.030
1.058
1.041
1.017
1.041
1.068
1.070
1.037
1.035
1.029
1.019
1.025
0.991
1.065
1.084
1.115
1.082
1.102
1.035
0.992
1.035
1.023
1.057
1.068
1.000
1.052
1.036
0.999
1.028
1.012
1.018
0.999
0.993
0.985
1.022
0.971
1.019
0.992
0.968
1.011
1.016
1.004
0.986
0.972
0.000
1.004
1.035
1.016
1.028
0.999
0.993
0.984
0.964
1.009
0.610
3.486
0.906
1.051
0.349
1.142
1.030
0.997
0.927
0.916
0.946
0.881
0.858
0.000
0.000
1.099
1.115
0.930
0.581
1.046
1.569
0.000
0.000
0.000
0.000
0.000
0.000
0.000
0.000
0.000
0.000
0.000
0.000
0.000
0.000
0.000
0.000
0.000
0.000
0.000
0.000
0.000
0.000
0.000
0.000
0.000
0.000
0.000
0.000
0.000
0.000
0.000
0.000
0.000
1.051
1.058
1.072
1.066
1.076
1.091
1.091
1.084
1.099
1.104
1.120
1.119
1.116
1.126
1.130
1.094
1.091
1.153
1.162
1.165
1.169
1.133
1.141
1.148
1.183
1.163
1.206
1.187
1.183
1.237
1.237
1.152
1.123
1.190
1.237
1.246
1.199
1.200
1.220
1.276
1.226
1.157
1.112
1.127
1.120
1.099
1.099
1.084
1.079
1.081
1.055
1.039
1.048
1.043
1.047
1.047
1.043
1.040
1.043
1.040
1.028
1.034
1.074
1.046
1.044
1.037
1.026
1.029
1.035
1.054
1.051
1.064
1.033
1.062
1.037
1.064
0.000
0.000
1.067
1.049
1.020
0.999
1.073
1.087
1.080
1.082
1.085
1.067
1.078
1.047
1.085
1.094
1.085
1.121
1.098
1.053
1.078
1.095
1.093
1.070
1.086
1.098
1.123
1.084
1.104
1.099
1.115
1.128
1.119
1.153
1.114
1.111
1.198
1.112
1.124
1.133
1.149
1.101
1.085
1.149
1.200
1.195
1.164
1.164
1.150
1.158
1.188
0.000
1.161
1.194
1.217
1.197
1.175
1.201
1.205
1.242
1.199
1.244
1.243
1.281
1.258
1.202
1.261
1.248
1.284
1.271
1.279
1.229
1.199
1.297
1.295
1.306
1.346
1.299
1.292
1.291
1.323
1.334
1.360
1.343
1.351
1.350
1.399
1.376
1.391
1.403
1.453
1.436
1.419
1.369
1.348
1.268
1.262
1.241
1.235
1.293
1.279
1.264
1.291
1.345
1.325
1.333
1.356
1.341
1.346
1.304
1.329
1.332
1.191
1.125
1.070
1.064
1.054
1.059
1.060
1.053
1.053
1.050
1.045
1.099
1.024
1.046
1.086
1.061
1.050
1.036
1.101
1.059
1.099
1.076
1.070
1.079
1.095
1.102
1.047
1.074
1.117
1.108
1.140
1.120
1.103
1.126
1.117
1.132
1.133
1.144
1.143
1.161
1.151
1.120
1.147
1.182
1.138
1.163
1.149
1.154
1.196
1.177
1.167
1.188
1.075
1.040
1.054
1.016
1.041
1.023
1.058
1.030
1.004
0.972
0.996
1.010
1.000
1.008
1.057
1.001
1.020
0.986
1.042
1.079
1.094
1.028
1.073
1.006
0.942
1.060
1.036
1.057
1.086
1.000
1.031
0.981
0.991
0.993
0.973
1.016
1.018
0.974
0.937
1.010
0.992
0.974
0.971
0.964
1.010
1.019
0.954
0.949
0.984
0.000
0.991
0.985
1.000
1.002
0.973
0.950
0.975
0.928
1.008
0.775
2.754
1.274
1.010
0.430
1.138
1.018
0.988
0.892
0.930
0.940
0.845
0.823
0.000
0.000
1.059
1.377
0.940
0.344
1.377
0.861
0.000
0.000
0.000
0.000
0.000
0.000
0.000
0.000
0.000
0.000
0.000
0.000
0.000
0.000
0.000
0.000
0.000
0.000
0.000
0.000
0.000
0.000
0.000
0.000
0.000
0.000
0.000
0.000
0.000
0.000
0.000
0.000
0.000
1.055
1.059
1.074
1.071
1.088
1.101
1.105
1.102
1.098
1.129
1.140
1.135
1.137
1.134
1.154
1.096
1.111
1.161
1.176
1.190
1.189
1.148
1.152
1.153
1.172
1.183
1.218
1.188
1.187
1.237
1.238
1.139
1.092
1.160
1.209
1.194
1.136
1.134
1.148
1.175
1.149
1.075
1.037
1.059
1.069
1.051
1.056
1.051
1.035
1.038
1.030
1.010
1.039
1.014
1.027
1.031
1.011
1.017
1.021
1.025
1.028
1.022
1.055
1.029
1.023
1.025
1.033
1.010
1.012
1.047
1.043
1.039
1.016
1.056
1.028
1.036
0.000
0.000
1.054
1.040
0.984
0.980
1.065
1.070
1.051
1.071
1.076
1.057
1.059
1.036
1.064
1.068
1.070
1.072
1.087
1.054
1.073
1.089
1.092
1.061
1.078
1.077
1.093
1.067
1.085
1.073
1.110
1.105
1.107
1.118
1.099
1.105
1.177
1.108
1.113
1.130
1.127
1.089
1.101
1.130
1.170
1.172
1.157
1.146
1.144
1.183
1.177
0.000
1.145
1.162
1.196
1.183
1.127
1.177
1.187
1.224
1.202
1.210
1.231
1.247
1.240
1.225
1.218
1.238
1.266
1.269
1.263
1.213
1.222
1.277
1.296
1.284
1.324
1.287
1.265
1.266
1.322
1.340
1.339
1.327
1.333
1.332
1.389
1.346
1.401
1.394
1.427
1.397
1.399
1.397
1.335
1.261
1.272
1.243
1.233
1.291
1.254
1.269
1.308
1.331
1.325
1.301
1.336
1.329
1.325
1.302
1.269
1.195
1.068
1.058
1.015
1.045
1.036
1.060
1.051
1.014
1.044
1.054
1.031
1.066
1.008
1.026
1.053
1.053
1.044
1.032
1.087
1.047
1.083
1.076
1.048
1.049
1.079
1.077
1.057
1.072
1.082
1.105
1.129
1.118
1.100
1.122
1.108
1.142
1.113
1.126
1.130
1.153
1.161
1.118
1.166
1.143
1.118
1.170
1.151
1.136
1.157
1.146
1.154
1.114
1.061
1.013
1.010
1.025
1.010
0.995
1.005
0.996
0.989
0.977
1.010
0.992
0.986
1.017
0.993
0.986
1.015
0.964
1.001
1.042
1.048
1.014
1.066
0.987
0.970
1.051
1.016
1.043
1.119
1.000
1.025
0.994
0.958
0.946
0.958
1.009
0.988
0.956
0.953
0.991
0.965
0.957
0.980
0.953
1.015
1.004
0.953
0.978
0.996
0.000
0.970
1.009
0.990
0.988
0.986
0.948
0.968
0.940
0.983
0.787
1.049
1.154
1.037
0.437
1.133
0.992
0.995
0.959
0.868
0.937
0.930
0.826
0.000
0.000
0.780
0.699
0.860
0.583
1.049
0.525
0.000
0.000
0.000
0.000
0.000
0.000
0.000
0.000
0.000
0.000
0.000
0.000
0.000
0.000
0.000
0.000
0.000
0.000
0.000
0.000
0.000
0.000
0.000
0.000
0.000
0.000
0.000
0.000
0.000
0.000
0.000
0.000
0.000
1.053
1.068
1.083
1.067
1.087
1.100
1.100
1.098
1.091
1.125
1.132
1.133
1.131
1.133
1.154
1.097
1.111
1.167
1.172
1.181
1.179
1.146
1.162
1.158
1.196
1.183
1.200
1.185
1.178
1.221
1.233
1.135
1.093
1.153
1.199
1.164
1.133
1.133
1.141
1.171
1.141
1.092
1.041
1.053
1.062
1.051
1.050
1.040
1.038
1.033
1.024
1.008
1.038
1.024
1.025
1.027
1.019
1.023
1.009
1.011
1.002
1.016
1.054
1.034
1.033
1.036
1.014
1.033
1.007
1.041
1.034
1.035
1.020
1.036
1.026
1.043
0.000
0.000
1.037
1.043
0.922
0.991
1.047
1.055
1.054
1.060
1.068
1.050
1.055
1.029
1.050
1.059
1.046
1.088
1.084
1.047
1.045
1.087
1.094
1.057
1.075
1.088
1.085
1.074
1.078
1.080
1.096
1.105
1.098
1.112
1.086
1.098
1.177
1.114
1.094
1.133
1.128
1.080
1.084
1.129
1.157
1.156
1.148
1.142
1.130
1.142
1.168
0.000
1.142
1.180
1.178
1.180
1.152
1.183
1.178
1.230
1.203
1.208
1.225
1.241
1.216
1.221
1.228
1.222
1.264
1.265
1.279
1.207
1.200
1.280
1.279
1.266
1.309
1.279
1.270
1.255
1.309
1.327
1.343
1.327
1.352
1.340
1.382
1.363
1.392
1.374
1.441
1.398
1.382
1.367
1.340
1.256
1.252
1.254
1.210
1.307
1.243
1.243
1.310
1.323
1.332
1.304
1.336
1.331
1.328
1.303
1.269
1.223
1.046
1.064
1.040
1.016
1.025
1.024
1.046
1.007
1.042
1.033
1.033
1.075
1.025
1.034
1.049
1.043
1.041
1.027
1.058
1.054
1.086
1.069
1.046
1.060
1.081
1.119
1.045
1.087
1.088
1.104
1.100
1.098
1.100
1.092
1.133
1.115
1.094
1.112
1.123
1.143
1.134
1.134
1.153
1.160
1.134
1.154
1.124
1.131
1.178
1.152
1.148
1.106
1.053
1.015
1.065
1.008
1.016
0.994
1.005
0.985
0.962
0.966
1.009
1.010
1.007
1.017
1.015
1.011
0.990
0.943
1.025
1.059
1.078
1.031
1.048
0.979
0.963
1.008
1.014
1.017
1.059
1.000
1.004
0.975
0.945
0.938
0.954
1.006
0.953
0.946
0.957
1.002
0.973
0.977
0.949
0.963
0.993
0.972
0.958
0.946
0.981
0.000
0.946
0.976
0.974
0.970
0.964
0.920
0.954
0.982
0.995
0.834
1.073
1.001
1.023
0.894
1.075
1.002
0.975
0.920
0.934
0.983
0.924
0.859
0.000
0.000
1.073
0.286
0.908
0.358
0.358
0.894
0.000
0.000
0.000
0.000
0.000
0.000
0.000
0.000
0.000
0.000
0.000
0.000
0.000
0.000
0.000
0.000
0.000
0.000
0.000
0.000
0.000
0.000
0.000
0.000
0.000
0.000
0.000
0.000
0.000
0.000
0.000
0.000
0.000
1.063
1.076
1.088
1.080
1.095
1.104
1.110
1.109
1.111
1.130
1.140
1.141
1.140
1.141
1.155
1.112
1.117
1.177
1.186
1.192
1.197
1.161
1.158
1.174
1.195
1.184
1.220
1.197
1.191
1.245
1.245
1.142
1.107
1.166
1.212
1.186
1.146
1.139
1.154
1.185
1.168
1.089
1.053
1.059
1.069
1.054
1.060
1.049
1.045
1.045
1.023
1.023
1.046
1.029
1.041
1.043
1.030
1.028
1.028
1.029
1.023
1.031
1.067
1.032
1.040
1.038
1.032
1.020
1.018
1.048
1.048
1.051
1.037
1.051
1.046
1.058
0.000
0.000
1.057
1.056
0.964
0.982
1.066
1.074
1.078
1.078
1.083
1.059
1.065
1.039
1.069
1.071
1.074
1.095
1.090
1.043
1.067
1.090
1.099
1.066
1.077
1.095
1.118
1.089
1.096
1.095
1.112
1.110
1.112
1.138
1.108
1.097
1.197
1.123
1.107
1.130
1.135
1.091
1.098
1.144
1.174
1.176
1.161
1.164
1.150
1.167
1.180
0.000
1.146
1.175
1.199
1.185
1.155
1.184
1.192
1.234
1.210
1.225
1.239
1.247
1.243
1.222
1.257
1.242
1.282
1.284
1.277
1.239
1.211
1.296
1.311
1.307
1.322
1.309
1.277
1.285
1.320
1.336
1.363
1.343
1.340
1.339
1.392
1.365
1.394
1.407
1.441
1.409
1.406
1.375
1.358
1.284
1.269
1.254
1.245
1.306
1.273
1.265
1.320
1.329
1.328
1.317
1.341
1.338
1.362
1.306
1.285
1.213
1.071
1.069
1.037
1.034
1.039
1.043
1.052
1.029
1.055
1.058
1.049
1.084
1.020
1.035
1.060
1.050
1.061
1.045
1.085
1.053
1.092
1.093
1.058
1.063
1.090
1.100
1.053
1.076
1.097
1.112
1.126
1.102
1.109
1.105
1.116
1.127
1.117
1.125
1.151
1.143
1.149
1.135
1.162
1.166
1.150
1.155
1.151
1.145
1.181
1.178
1.164
1.125
1.051
1.037
1.046
1.015
1.028
1.007
1.012
1.001
0.984
0.981
0.993
0.989
0.996
1.003
0.996
0.998
1.002
0.965
1.025
1.059
1.062
1.011
1.083
0.984
0.988
1.058
1.044
1.050
1.082
1.000
1.035
1.002
0.981
0.961
0.956
0.996
0.989
0.951
0.956
1.003
0.981
0.966
0.957
0.956
0.994
0.996
0.972
0.978
0.990
0.000
0.985
0.991
0.982
0.991
0.963
0.970
0.947
0.979
0.914
0.909
2.711
1.105
0.986
1.043
1.104
0.984
0.973
0.925
0.919
0.947
0.873
0.899
0.000
0.000
1.123
0.806
0.919
0.487
1.112
1.112
0.000
0.000
0.000
0.000
0.000
0.000
0.000
0.000
0.000
0.000
0.000
0.000
0.000
0.000
0.000
0.000
0.000
0.000
0.000
0.000
0.000
0.000
0.000
0.000
0.000
0.000
0.000
0.000
0.000
0.000
0.000
0.000
0.000
1.086
1.097
1.113
1.111
1.127
1.129
1.135
1.135
1.137
1.160
1.172
1.163
1.170
1.181
1.205
1.144
1.148
1.205
1.212
1.224
1.219
1.193
1.198
1.195
1.223
1.222
1.245
1.222
1.225
1.281
1.266
1.164
1.118
1.186
1.239
1.218
1.179
1.164
1.177
1.213
1.204
1.106
1.067
1.089
1.087
1.073
1.088
1.077
1.064
1.074
1.054
1.045
1.078
1.052
1.068
1.066
1.051
1.059
1.046
1.053
1.049
1.053
1.092
1.066
1.054
1.068
1.056
1.051
1.046
1.077
1.084
1.074
1.063
1.081
1.055
1.072
0.000
0.000
1.084
1.078
0.993
1.011
1.082
1.109
1.105
1.100
1.122
1.085
1.082
1.063
1.090
1.111
1.102
1.134
1.118
1.062
1.094
1.115
1.126
1.100
1.096
1.114
1.139
1.113
1.120
1.113
1.138
1.133
1.148
1.155
1.139
1.135
1.247
1.163
1.124
1.156
1.159
1.100
1.121
1.171
1.205
1.202
1.186
1.186
1.180
1.199
1.200
0.000
1.160
1.208
1.233
1.229
1.207
1.208
1.225
1.253
1.222
1.248
1.269
1.292
1.277
1.254
1.285
1.273
1.311
1.316
1.308
1.280
1.264
1.317
1.338
1.347
1.368
1.342
1.329
1.326
1.352
1.361
1.408
1.373
1.369
1.378
1.420
1.392
1.438
1.453
1.484
1.457
1.474
1.426
1.402
1.335
1.287
1.289
1.282
1.342
1.298
1.296
1.358
1.362
1.362
1.344
1.386
1.363
1.390
1.341
1.314
1.240
1.099
1.079
1.063
1.069
1.061
1.057
1.077
1.052
1.098
1.086
1.079
1.118
1.047
1.060
1.059
1.082
1.077
1.069
1.106
1.089
1.138
1.088
1.102
1.102
1.112
1.136
1.092
1.095
1.108
1.120
1.152
1.103
1.155
1.142
1.146
1.142
1.144
1.152
1.152
1.180
1.175
1.170
1.188
1.210
1.183
1.191
1.173
1.169
1.221
1.199
1.187
1.115
1.059
1.036
1.077
1.034
1.056
1.028
1.039
1.018
0.993
0.994
1.032
1.020
1.020
1.016
0.997
1.025
1.045
0.962
1.043
1.108
1.115
1.031
1.095
1.013
1.000
1.098
1.052
1.051
1.091
1.000
1.042
1.009
1.007
0.969
0.991
1.012
1.017
0.967
0.964
1.060
0.967
0.987
1.029
0.986
1.022
1.044
0.987
0.994
1.003
0.000
1.013
1.011
1.027
1.013
1.004
0.991
0.944
1.021
1.028
0.729
4.741
0.766
0.982
0.547
1.101
0.981
1.005
0.932
0.909
0.931
0.908
0.888
0.000
0.000
1.178
0.438
0.880
0.365
0.729
1.276
0.000
0.000
0.000
0.000
0.000
0.000
0.000
0.000
0.000
0.000
0.000
0.000
0.000
0.000
0.000
0.000
0.000
0.000
0.000
0.000
0.000
0.000
0.000
0.000
0.000
0.000
0.000
0.000
0.000
0.000
0.000
0.000
0.000
1.066
1.067
1.081
1.077
1.087
1.098
1.109
1.094
1.104
1.125
1.141
1.138
1.135
1.132
1.146
1.108
1.113
1.179
1.171
1.183
1.188
1.161
1.146
1.170
1.201
1.200
1.215
1.187
1.185
1.236
1.238
1.135
1.101
1.167
1.214
1.194
1.141
1.136
1.134
1.190
1.157
1.081
1.055
1.056
1.059
1.052
1.057
1.040
1.041
1.047
1.016
1.011
1.041
1.026
1.028
1.032
1.023
1.027
1.032
1.020
1.011
1.028
1.054
1.020
1.033
1.046
1.016
1.011
1.007
1.047
1.045
1.054
1.031
1.043
1.040
1.050
0.000
0.000
1.055
1.065
0.964
1.026
1.067
1.071
1.104
1.080
1.078
1.060
1.057
1.037
1.081
1.082
1.066
1.088
1.079
1.042
1.075
1.083
1.099
1.073
1.069
1.070
1.102
1.090
1.092
1.085
1.102
1.126
1.109
1.131
1.110
1.089
1.206
1.131
1.123
1.128
1.125
1.082
1.096
1.137
1.176
1.191
1.155
1.152
1.149
1.168
1.165
0.000
1.127
1.178
1.204
1.177
1.192
1.189
1.182
1.204
1.190
1.206
1.249
1.274
1.238
1.217
1.263
1.248
1.286
1.280
1.286
1.228
1.208
1.265
1.310
1.308
1.335
1.300
1.272
1.273
1.306
1.332
1.364
1.337
1.352
1.332
1.388
1.387
1.373
1.413
1.423
1.406
1.392
1.368
1.343
1.269
1.293
1.266
1.245
1.278
1.268
1.268
1.319
1.322
1.329
1.308
1.338
1.341
1.333
1.277
1.284
1.219
1.056
1.060
1.024
1.042
1.025
1.033
1.057
1.029
1.050
1.066
1.051
1.087
1.021
1.040
1.047
1.033
1.055
1.047
1.079
1.051
1.091
1.071
1.060
1.074
1.112
1.085
1.055
1.076
1.083
1.082
1.124
1.098
1.088
1.116
1.093
1.139
1.113
1.153
1.158
1.140
1.144
1.124
1.172
1.171
1.119
1.146
1.159
1.115
1.167
1.143
1.157
1.098
1.051
1.019
1.032
1.014
1.014
1.011
1.004
0.995
0.968
0.981
0.978
0.993
1.011
0.999
0.994
0.994
1.013
0.957
1.015
1.058
1.080
1.015
1.035
0.969
0.981
1.054
1.017
1.052
1.084
1.000
0.993
1.000
0.985
0.976
0.996
1.016
1.000
0.967
0.951
1.018
0.971
0.937
0.972
0.957
0.998
0.999
0.956
0.976
0.982
0.000
0.974
1.012
1.006
0.961
0.959
0.990
0.961
0.964
1.046
0.598
2.394
1.197
0.968
0.513
1.126
0.987
0.978
0.870
0.863
0.961
0.852
0.849
0.000
0.000
1.105
0.821
0.776
0.228
0.684
0.342
