353 90 0.0 4.00 3.0 3.0 0.0 3.0 0.0
0.000
0.000
1.067
1.045
0.899
0.902
1.025
1.039
1.025
0.961
1.004
1.041
1.017
1.017
1.078
1.102
1.104
1.100
1.106
1.097
1.064
1.096
1.119
1.128
1.107
1.101
1.103
1.067
1.059
1.107
1.175
1.176
1.195
1.193
1.195
1.196
1.201
1.212
1.221
1.227
1.214
1.226
1.234
1.249
1.254
1.246
1.245
1.246
1.192
1.212
1.293
1.305
1.309
1.307
1.211
1.230
1.296
1.304
1.334
1.371
1.365
1.365
1.404
1.413
1.390
1.409
1.458
1.481
1.500
1.510
1.525
1.556
1.561
1.560
1.593
1.611
1.641
1.664
1.683
1.699
1.726
1.756
1.771
1.800
1.829
1.841
1.872
1.929
1.910
1.982
1.931
2.017
2.060
2.057
2.060
2.052
2.037
1.993
1.911
1.803
1.595
1.471
1.367
1.259
1.219
1.146
1.108
1.079
1.068
1.063
1.045
1.039
1.039
0.961
0.962
1.038
1.032
1.031
1.034
1.039
1.051
1.050
1.040
1.049
1.047
1.062
1.061
1.062
1.070
1.066
1.076
1.073
1.070
1.072
1.087
1.085
1.103
1.097
1.100
1.096
1.095
1.112
1.123
1.123
1.113
1.068
1.138
1.116
1.139
1.153
1.116
1.138
1.155
1.157
1.156
1.148
1.138
1.132
1.109
1.108
1.081
1.067
1.071
1.050
1.063
0.975
1.040
1.032
1.029
1.036
1.049
1.030
1.050
1.032
1.035
1.043
1.040
1.038
1.044
1.046
1.013
1.022
1.047
1.051
1.058
1.072
1.056
1.063
1.067
1.052
1.062
1.077
1.068
1.082
1.069
1.071
1.064
1.060
1.059
1.060
1.057
1.057
1.053
1.057
1.052
1.056
1.055
1.061
1.070
1.074
1.066
1.072
1.076
1.083
1.082
1.085
1.080
1.082
1.094
1.089
1.091
1.097
1.107
1.090
0.000
0.000
0.000
0.000
0.000
0.000
0.000
0.000
0.000
0.000
0.000
0.000
0.000
0.000
0.000
0.000
0.000
0.000
0.000
0.000
0.000
0.000
0.000
0.000
0.000
0.000
0.000
0.000
0.000
0.000
0.000
0.000
0.000
0.000
0.000
0.000
0.000
0.000
0.000
0.000
0.000
0.000
0.000
0.000
0.000
0.000
0.000
0.000
0.000
1.141
1.140
1.140
1.152
1.150
1.152
1.173
1.161
1.177
1.140
1.021
1.007
1.058
1.065
1.050
1.062
1.065
1.044
1.020
1.116
1.040
0.983
0.981
0.984
1.002
0.996
0.995
1.036
1.070
0.982
0.961
0.982
0.976
0.998
0.987
0.958
0.956
0.987
0.989
1.007
1.006
0.993
0.980
0.959
1.010
1.000
1.016
1.003
1.042
0.000
1.006
1.007
1.021
1.000
1.010
0.988
0.897
0.971
0.976
0.961
1.479
0.855
0.967
0.914
1.014
0.944
2.389
0.865
0.873
1.013
0.984
0.813
0.000
0.813
0.989
0.906
1.042
1.009
0.000
0.914
0.000
0.000
1.071
1.049
0.901
0.907
1.029
1.047
1.034
0.966
1.010
1.047
1.026
1.023
1.082
1.109
1.113
1.107
1.113
1.102
1.069
1.102
1.129
1.139
1.113
1.108
1.112
1.073
1.063
1.115
1.183
1.185
1.200
1.202
1.203
1.204
1.208
1.219
1.228
1.235
1.223
1.235
1.239
1.261
1.261
1.256
1.253
1.253
1.200
1.218
1.304
1.317
1.316
1.314
1.218
1.241
1.306
1.313
1.344
1.379
1.373
1.373
1.413
1.425
1.401
1.416
1.467
1.494
1.509
1.517
1.530
1.563
1.579
1.576
1.602
1.626
1.656
1.677
1.696
1.719
1.738
1.768
1.782
1.815
1.847
1.856
1.885
1.940
1.918
1.992
1.945
2.029
2.076
2.073
2.082
2.072
2.055
2.011
1.930
1.817
1.603
1.484
1.371
1.269
1.228
1.154
1.120
1.088
1.075
1.066
1.053
1.048
1.045
0.964
0.967
1.041
1.040
1.038
1.046
1.045
1.056
1.056
1.050
1.057
1.056
1.070
1.069
1.072
1.079
1.077
1.083
1.082
1.074
1.076
1.095
1.097
1.113
1.107
1.110
1.104
1.109
1.121
1.129
1.127
1.122
1.076
1.143
1.130
1.148
1.164
1.125
1.141
1.163
1.165
1.168
1.157
1.147
1.137
1.124
1.113
1.092
1.075
1.079
1.061
1.070
0.981
1.045
1.038
1.040
1.039
1.050
1.040
1.053
1.042
1.041
1.051
1.045
1.045
1.053
1.054
1.029
1.025
1.053
1.064
1.063
1.075
1.064
1.072
1.070
1.060
1.067
1.080
1.076
1.090
1.073
1.075
1.072
1.070
1.067
1.063
1.063
1.058
1.059
1.072
1.064
1.067
1.065
1.068
1.074
1.082
1.074
1.091
1.085
1.093
1.081
1.096
1.086
1.094
1.108
1.103
1.094
1.106
1.118
1.096
0.000
0.000
0.000
0.000
0.000
0.000
0.000
0.000
0.000
0.000
0.000
0.000
0.000
0.000
0.000
0.000
0.000
0.000
0.000
0.000
0.000
0.000
0.000
0.000
0.000
0.000
0.000
0.000
0.000
0.000
0.000
0.000
0.000
0.000
0.000
0.000
0.000
0.000
0.000
0.000
0.000
0.000
0.000
0.000
0.000
0.000
0.000
0.000
0.000
1.147
1.146
1.150
1.166
1.150
1.164
1.180
1.170
1.187
1.144
1.032
1.017
1.063
1.072
1.059
1.063
1.076
1.052
1.027
1.126
1.046
0.992
1.002
0.991
1.005
1.001
1.010
1.046
1.076
0.998
0.966
0.995
0.978
1.005
0.992
0.967
0.969
0.988
1.001
1.011
1.016
1.012
0.988
0.974
1.015
1.009
1.017
1.013
1.046
0.000
1.018
1.009
1.025
1.000
1.018
1.010
0.874
1.017
0.980
0.961
1.570
0.887
0.974
0.920
1.016
0.926
2.403
1.011
0.885
0.957
0.993
0.844
0.000
0.829
0.997
0.948
1.061
1.005
0.000
0.957
0.000
0.000
0.979
0.952
0.808
0.809
0.919
0.932
0.909
0.844
0.880
0.912
0.896
0.887
0.931
0.946
0.947
0.944
0.950
0.937
0.907
0.939
0.954
0.955
0.937
0.928
0.923
0.898
0.892
0.925
0.975
0.973
0.989
0.982
0.981
0.981
0.984
0.989
0.994
0.995
0.986
0.993
0.996
1.003
1.002
0.997
0.992
0.991
0.943
0.954
1.016
1.020
1.017
1.011
0.940
0.951
1.000
0.998
1.011
1.030
1.021
1.014
1.036
1.037
1.020
1.023
1.050
1.061
1.061
1.064
1.062
1.079
1.074
1.069
1.074
1.076
1.084
1.093
1.095
1.095
1.093
1.099
1.095
1.101
1.107
1.105
1.103
1.128
1.099
1.133
1.090
1.128
1.143
1.137
1.138
1.141
1.145
1.151
1.149
1.158
1.117
1.137
1.159
1.156
1.185
1.167
1.166
1.171
1.189
1.198
1.188
1.195
1.198
1.113
1.115
1.208
1.201
1.207
1.217
1.217
1.233
1.242
1.226
1.243
1.249
1.260
1.275
1.275
1.282
1.281
1.290
1.293
1.284
1.296
1.325
1.327
1.348
1.348
1.349
1.351
1.354
1.376
1.394
1.392
1.396
1.366
1.431
1.412
1.449
1.465
1.425
1.452
1.496
1.497
1.503
1.490
1.452
1.401
1.306
1.206
1.112
1.060
1.033
1.008
1.011
0.935
0.991
0.985
0.988
0.991
0.994
0.981
0.997
0.981
0.984
0.990
0.987
0.979
0.989
0.992
0.969
0.973
0.986
0.997
0.997
1.012
0.992
1.002
1.006
1.000
0.998
1.014
1.011
1.021
1.019
1.020
1.020
1.023
1.024
1.020
1.028
1.027
1.035
1.033
1.038
1.039
1.040
1.033
1.044
1.051
1.043
1.061
1.059
1.058
1.060
1.075
1.062
1.068
1.076
1.063
1.062
1.058
1.056
1.025
0.000
0.000
0.000
0.000
0.000
0.000
0.000
0.000
0.000
0.000
0.000
0.000
0.000
0.000
0.000
0.000
0.000
0.000
0.000
0.000
0.000
0.000
0.000
0.000
0.000
0.000
0.000
0.000
0.000
0.000
0.000
0.000
0.000
0.000
0.000
0.000
0.000
0.000
0.000
0.000
0.000
0.000
0.000
0.000
0.000
0.000
0.000
0.000
0.000
1.073
1.078
1.077
1.082
1.079
1.090
1.095
1.088
1.094
1.079
1.030
1.036
1.086
1.101
1.085
1.089
1.096
1.080
1.083
1.207
1.157
1.096
1.102
1.103
1.114
1.094
1.073
1.116
1.157
1.064
1.031
1.070
1.069
1.086
1.080
1.050
1.046
1.078
1.064
1.024
1.026
1.014
0.993
0.986
1.031
1.025
1.038
1.022
1.051
0.000
1.000
0.997
1.012
1.000
1.022
1.000
0.907
1.088
1.006
0.984
1.411
0.902
0.985
0.927
1.033
0.919
2.430
1.033
0.886
1.067
1.015
0.851
0.000
0.699
0.994
0.996
1.080
1.020
0.000
0.927
0.000
0.000
1.000
0.973
0.829
0.829
0.942
0.958
0.930
0.867
0.904
0.937
0.918
0.913
0.958
0.977
0.977
0.976
0.980
0.967
0.937
0.970
0.984
0.987
0.968
0.958
0.957
0.930
0.925
0.959
1.012
1.010
1.023
1.019
1.020
1.018
1.024
1.029
1.031
1.035
1.025
1.032
1.037
1.046
1.045
1.038
1.034
1.037
0.983
0.995
1.058
1.067
1.066
1.056
0.982
0.996
1.042
1.045
1.055
1.080
1.072
1.066
1.089
1.089
1.068
1.073
1.104
1.122
1.118
1.123
1.126
1.140
1.135
1.125
1.137
1.143
1.152
1.161
1.161
1.165
1.166
1.170
1.172
1.179
1.189
1.184
1.188
1.215
1.181
1.222
1.179
1.225
1.244
1.242
1.251
1.258
1.266
1.275
1.283
1.293
1.258
1.283
1.320
1.325
1.365
1.353
1.364
1.375
1.394
1.412
1.412
1.428
1.438
1.331
1.334
1.463
1.451
1.443
1.435
1.403
1.372
1.325
1.262
1.238
1.214
1.206
1.199
1.191
1.193
1.190
1.203
1.198
1.184
1.193
1.211
1.213
1.231
1.226
1.227
1.227
1.222
1.247
1.254
1.262
1.257
1.216
1.278
1.261
1.283
1.309
1.269
1.292
1.327
1.330
1.328
1.315
1.291
1.257
1.199
1.143
1.081
1.050
1.039
1.027
1.035
0.948
1.019
1.017
1.018
1.021
1.028
1.013
1.032
1.014
1.022
1.032
1.026
1.020
1.028
1.027
1.004
0.996
1.009
1.012
1.011
1.019
0.998
1.004
0.997
0.991
0.990
1.006
0.999
1.010
1.010
1.011
1.010
1.012
1.018
1.017
1.022
1.025
1.015
1.022
1.024
1.024
1.029
1.029
1.031
1.041
1.030
1.040
1.044
1.049
1.034
1.058
1.041
1.049
1.059
1.052
1.037
1.041
1.042
1.012
0.000
0.000
0.000
0.000
0.000
0.000
0.000
0.000
0.000
0.000
0.000
0.000
0.000
0.000
0.000
0.000
0.000
0.000
0.000
0.000
0.000
0.000
0.000
0.000
0.000
0.000
0.000
0.000
0.000
0.000
0.000
0.000
0.000
0.000
0.000
0.000
0.000
0.000
0.000
0.000
0.000
0.000
0.000
0.000
0.000
0.000
0.000
0.000
0.000
1.068
1.072
1.077
1.088
1.074
1.086
1.095
1.076
1.090
1.093
1.041
1.045
1.091
1.114
1.091
1.100
1.103
1.080
1.093
1.226
1.167
1.109
1.111
1.105
1.119
1.107
1.099
1.148
1.182
1.091
1.072
1.100
1.092
1.109
1.080
1.060
1.060
1.093
1.095
1.078
1.074
1.050
1.007
0.991
1.038
1.043
1.043
1.033
1.048
0.000
1.011
1.015
1.018
1.000
1.019
1.004
0.867
0.970
1.026
0.995
1.398
0.937
0.989
0.924
1.040
0.927
2.400
1.074
0.893
1.095
1.023
0.857
0.000
0.878
1.004
0.981
1.076
1.022
0.000
0.957
0.000
0.000
1.040
1.012
0.861
0.863
0.983
1.000
0.972
0.906
0.946
0.979
0.965
0.963
1.007
1.025
1.025
1.025
1.031
1.019
0.989
1.027
1.040
1.043
1.026
1.016
1.014
0.987
0.987
1.019
1.075
1.074
1.092
1.087
1.088
1.086
1.093
1.098
1.103
1.103
1.095
1.105
1.110
1.123
1.121
1.115
1.110
1.110
1.059
1.071
1.144
1.149
1.150
1.143
1.061
1.075
1.133
1.132
1.149
1.171
1.162
1.161
1.187
1.194
1.168
1.176
1.209
1.226
1.236
1.233
1.239
1.255
1.255
1.249
1.260
1.266
1.281
1.299
1.299
1.305
1.310
1.323
1.322
1.339
1.350
1.345
1.350
1.388
1.359
1.408
1.368
1.422
1.450
1.450
1.469
1.479
1.504
1.519
1.533
1.561
1.514
1.558
1.603
1.613
1.678
1.662
1.688
1.701
1.735
1.777
1.782
1.801
1.824
1.688
1.683
1.849
1.835
1.793
1.746
1.648
1.538
1.399
1.248
1.170
1.106
1.070
1.039
1.017
1.011
0.996
0.996
0.992
0.978
0.978
0.992
0.985
0.999
0.993
0.994
0.989
0.986
0.993
0.999
1.001
0.995
0.947
1.014
0.987
1.003
1.020
0.989
1.004
1.025
1.023
1.027
1.028
1.028
1.031
1.031
1.037
1.039
1.042
1.067
1.051
1.080
0.975
1.060
1.059
1.066
1.077
1.078
1.070
1.088
1.072
1.078
1.088
1.080
1.079
1.079
1.073
1.041
1.027
1.035
1.028
1.003
1.011
0.977
0.984
0.973
0.963
0.973
0.979
0.977
0.987
0.980
0.988
0.983
0.983
0.988
0.988
0.990
0.990
0.991
0.992
0.997
0.992
0.996
1.006
1.006
1.012
1.006
1.014
1.016
1.016
1.005
1.014
1.002
1.012
1.026
1.004
0.995
1.004
1.011
0.990
0.000
0.000
0.000
0.000
0.000
0.000
0.000
0.000
0.000
0.000
0.000
0.000
0.000
0.000
0.000
0.000
0.000
0.000
0.000
0.000
0.000
0.000
0.000
0.000
0.000
0.000
0.000
0.000
0.000
0.000
0.000
0.000
0.000
0.000
0.000
0.000
0.000
0.000
0.000
0.000
0.000
0.000
0.000
0.000
0.000
0.000
0.000
0.000
0.000
1.059
1.067
1.067
1.073
1.059
1.075
1.086
1.074
1.093
1.082
1.050
1.051
1.107
1.125
1.097
1.104
1.109
1.082
1.093
1.225
1.169
1.111
1.109
1.109
1.122
1.113
1.127
1.169
1.225
1.122
1.095
1.144
1.135
1.127
1.101
1.066
1.067
1.102
1.115
1.128
1.126
1.077
1.014
1.000
1.049
1.040
1.058
1.033
1.043
0.000
1.021
1.012
1.019
1.000
1.013
1.009
0.899
1.179
1.012
0.989
1.472
0.989
0.990
0.939
1.057
0.964
2.303
1.046
0.894
1.044
1.034
0.860
0.000
0.954
1.012
1.064
1.086
1.051
0.000
0.919
0.000
0.000
1.697
1.688
1.459
1.482
1.672
1.691
1.712
1.599
1.651
1.698
1.650
1.636
1.703
1.709
1.695
1.673
1.654
1.620
1.575
1.623
1.647
1.651
1.619
1.617
1.631
1.575
1.571
1.656
1.764
1.773
1.821
1.829
1.852
1.872
1.895
1.928
1.959
1.994
2.001
2.042
2.081
2.131
2.167
2.187
2.194
2.233
2.162
2.208
2.365
2.390
2.386
2.376
2.152
2.124
2.146
2.072
2.023
1.938
1.782
1.647
1.559
1.466
1.350
1.289
1.269
1.240
1.206
1.182
1.164
1.158
1.144
1.127
1.126
1.123
1.127
1.135
1.128
1.127
1.127
1.129
1.123
1.131
1.139
1.133
1.132
1.154
1.123
1.159
1.117
1.155
1.173
1.168
1.167
1.171
1.172
1.181
1.182
1.186
1.143
1.151
1.170
1.158
1.179
1.150
1.137
1.126
1.116
1.107
1.082
1.066
1.055
0.968
0.962
1.027
1.012
1.004
1.006
0.998
1.003
0.997
0.985
0.989
0.987
0.997
0.995
0.998
1.002
0.994
1.003
0.999
0.983
0.988
0.999
0.995
1.008
0.997
0.992
0.987
0.979
0.983
0.983
0.979
0.968
0.911
0.971
0.953
0.965
0.974
0.940
0.947
0.966
0.967
0.962
0.962
0.958
0.960
0.960
0.964
0.959
0.960
0.972
0.963
0.984
0.916
0.964
0.960
0.956
0.959
0.966
0.951
0.961
0.951
0.951
0.957
0.953
0.943
0.952
0.950
0.930
0.932
0.951
0.955
0.953
0.968
0.943
0.956
0.953
0.941
0.941
0.953
0.950
0.963
0.954
0.952
0.952
0.958
0.961
0.951
0.956
0.957
0.955
0.962
0.960
0.964
0.961
0.960
0.959
0.966
0.960
0.971
0.973
0.968
0.968
0.970
0.964
0.973
0.975
0.978
0.974
0.979
0.991
0.971
0.000
0.000
0.000
0.000
0.000
0.000
0.000
0.000
0.000
0.000
0.000
0.000
0.000
0.000
0.000
0.000
0.000
0.000
0.000
0.000
0.000
0.000
0.000
0.000
0.000
0.000
0.000
0.000
0.000
0.000
0.000
0.000
0.000
0.000
0.000
0.000
0.000
0.000
0.000
0.000
0.000
0.000
0.000
0.000
0.000
0.000
0.000
0.000
0.000
1.055
1.060
1.063
1.067
1.059
1.076
1.086
1.074
1.089
1.084
1.043
1.057
1.105
1.118
1.097
1.110
1.117
1.098
1.105
1.240
1.170
1.115
1.123
1.119
1.134
1.129
1.152
1.205
1.249
1.160
1.122
1.163
1.163
1.174
1.176
1.149
1.146
1.176
1.180
1.199
1.197
1.166
1.121
1.094
1.089
1.070
1.053
1.022
1.044
0.000
1.013
1.003
1.014
1.000
1.017
1.007
0.963
1.179
1.037
1.016
1.458
0.956
0.994
0.940
1.068
0.995
2.572
0.983
0.889
1.012
1.047
0.875
0.000
0.846
1.008
1.099
1.095
1.057
0.000
0.974
0.000
0.000
2.819
2.927
2.592
2.708
3.002
3.029
3.246
3.054
3.102
3.111
2.929
2.848
2.857
2.720
2.551
2.378
2.204
2.031
1.889
1.859
1.806
1.738
1.658
1.595
1.571
1.471
1.432
1.476
1.546
1.523
1.540
1.518
1.506
1.490
1.480
1.474
1.465
1.451
1.419
1.411
1.398
1.392
1.369
1.338
1.311
1.297
1.220
1.220
1.286
1.277
1.259
1.244
1.138
1.143
1.192
1.184
1.194
1.214
1.198
1.181
1.199
1.196
1.167
1.161
1.188
1.197
1.195
1.191
1.185
1.196
1.189
1.174
1.177
1.182
1.189
1.196
1.192
1.193
1.189
1.189
1.186
1.188
1.201
1.192
1.192
1.210
1.177
1.212
1.165
1.200
1.213
1.198
1.188
1.176
1.162
1.144
1.116
1.085
1.020
1.002
0.994
0.976
0.992
0.964
0.960
0.957
0.960
0.965
0.954
0.950
0.954
0.888
0.889
0.952
0.944
0.947
0.949
0.948
0.955
0.958
0.946
0.949
0.947
0.957
0.952
0.955
0.954
0.950
0.962
0.956
0.947
0.948
0.963
0.960
0.968
0.961
0.960
0.959
0.952
0.963
0.971
0.969
0.962
0.906
0.973
0.950
0.967
0.977
0.947
0.958
0.973
0.971
0.972
0.964
0.960
0.964
0.956
0.963
0.954
0.951
0.961
0.955
0.969
0.908
0.952
0.951
0.946
0.949
0.959
0.952
0.957
0.950
0.948
0.961
0.953
0.947
0.952
0.951
0.935
0.935
0.956
0.959
0.952
0.972
0.954
0.963
0.955
0.953
0.949
0.963
0.963
0.974
0.962
0.966
0.963
0.956
0.972
0.957
0.959
0.958
0.958
0.960
0.958
0.967
0.966
0.962
0.963
0.970
0.963
0.972
0.974
0.969
0.967
0.979
0.968
0.970
0.979
0.971
0.971
0.979
0.986
0.968
0.000
0.000
0.000
0.000
0.000
0.000
0.000
0.000
0.000
0.000
0.000
0.000
0.000
0.000
0.000
0.000
0.000
0.000
0.000
0.000
0.000
0.000
0.000
0.000
0.000
0.000
0.000
0.000
0.000
0.000
0.000
0.000
0.000
0.000
0.000
0.000
0.000
0.000
0.000
0.000
0.000
0.000
0.000
0.000
0.000
0.000
0.000
0.000
0.000
1.048
1.050
1.057
1.062
1.056
1.054
1.072
1.060
1.080
1.079
1.037
1.044
1.090
1.106
1.088
1.102
1.107
1.086
1.094
1.226
1.161
1.109
1.114
1.108
1.123
1.120
1.145
1.206
1.242
1.139
1.109
1.152
1.145
1.163
1.165
1.137
1.142
1.174
1.190
1.210
1.210
1.210
1.168
1.144
1.177
1.134
1.088
1.037
1.049
0.000
1.019
1.018
1.016
1.000
1.023
1.004
0.902
1.125
1.042
1.027
1.537
0.964
0.990
0.948
1.071
0.997
2.572
1.073
0.902
1.060
1.037
0.884
0.000
0.852
1.018
0.983
1.098
1.061
0.000
0.970
0.000
0.000
1.068
1.053
0.893
0.896
1.015
1.030
1.021
0.956
0.996
1.029
1.005
1.002
1.062
1.086
1.089
1.087
1.093
1.082
1.050
1.082
1.102
1.108
1.086
1.089
1.080
1.046
1.083
1.134
1.155
1.152
1.175
1.168
1.169
1.174
1.177
1.186
1.193
1.196
1.188
1.201
1.209
1.218
1.224
1.221
1.218
1.220
1.162
1.182
1.262
1.277
1.273
1.276
1.177
1.197
1.259
1.266
1.298
1.333
1.330
1.327
1.367
1.381
1.351
1.368
1.414
1.439
1.458
1.469
1.480
1.515
1.523
1.522
1.546
1.563
1.595
1.619
1.636
1.653
1.671
1.708
1.719
1.750
1.786
1.793
1.819
1.862
1.843
1.912
1.872
1.931
1.970
1.948
1.939
1.907
1.869
1.795
1.696
1.574
1.391
1.297
1.220
1.149
1.142
1.092
1.067
1.058
1.051
1.050
1.037
1.035
1.032
0.963
0.964
1.030
1.026
1.025
1.030
1.029
1.041
1.043
1.027
1.038
1.040
1.049
1.053
1.049
1.053
1.047
1.056
1.058
1.042
1.053
1.067
1.064
1.079
1.071
1.072
1.072
1.064
1.077
1.082
1.077
1.068
1.019
1.083
1.060
1.077
1.080
1.053
1.055
1.081
1.071
1.066
1.058
1.042
1.035
1.010
1.011
0.985
0.979
0.983
0.970
0.982
0.914
0.963
0.959
0.956
0.964
0.969
0.955
0.975
0.957
0.958
0.964
0.960
0.957
0.965
0.961
0.937
0.941
0.966
0.968
0.965
0.986
0.966
0.970
0.968
0.960
0.965
0.976
0.972
0.976
0.967
0.964
0.962
0.954
0.960
0.953
0.951
0.949
0.949
0.952
0.950
0.960
0.955
0.948
0.953
0.954
0.951
0.962
0.958
0.968
0.955
0.962
0.953
0.963
0.968
0.963
0.954
0.959
0.971
0.957
0.000
0.000
0.000
0.000
0.000
0.000
0.000
0.000
0.000
0.000
0.000
0.000
0.000
0.000
0.000
0.000
0.000
0.000
0.000
0.000
0.000
0.000
0.000
0.000
0.000
0.000
0.000
0.000
0.000
0.000
0.000
0.000
0.000
0.000
0.000
0.000
0.000
0.000
0.000
0.000
0.000
0.000
0.000
0.000
0.000
0.000
0.000
0.000
0.000
1.015
1.023
1.024
1.029
1.028
1.036
1.044
1.031
1.047
1.044
1.002
1.004
1.057
1.069
1.056
1.061
1.071
1.052
1.057
1.184
1.117
1.066
1.075
1.056
1.074
1.075
1.096
1.150
1.203
1.096
1.067
1.103
1.087
1.106
1.114
1.075
1.083
1.106
1.114
1.129
1.138
1.125
1.087
1.044
1.096
1.100
1.102
1.057
1.063
0.000
1.035
1.023
1.010
1.000
1.012
0.991
0.860
1.033
1.017
0.989
1.496
0.876
0.972
0.915
1.030
0.969
2.322
0.980
0.876
0.994
1.006
0.852
0.000
0.892
0.989
1.064
1.073
1.030
0.000
0.953
0.000
0.000
0.970
0.946
0.799
0.798
0.910
0.926
0.899
0.834
0.871
0.900
0.886
0.878
0.921
0.937
0.937
0.938
0.942
0.927
0.898
0.930
0.944
0.944
0.924
0.925
0.909
0.889
0.933
0.969
0.967
0.964
0.980
0.975
0.972
0.972
0.975
0.983
0.985
0.988
0.977
0.985
0.987
0.996
0.998
0.989
0.985
0.985
0.934
0.944
1.005
1.013
1.008
1.004
0.932
0.944
0.991
0.990
1.000
1.019
1.013
1.003
1.026
1.027
1.008
1.010
1.039
1.051
1.053
1.052
1.053
1.063
1.064
1.049
1.060
1.061
1.066
1.072
1.074
1.075
1.083
1.082
1.076
1.084
1.089
1.082
1.087
1.108
1.082
1.109
1.071
1.104
1.118
1.119
1.121
1.128
1.132
1.130
1.138
1.145
1.113
1.132
1.149
1.156
1.193
1.174
1.179
1.187
1.202
1.207
1.207
1.215
1.222
1.131
1.141
1.240
1.240
1.245
1.262
1.272
1.291
1.294
1.292
1.309
1.315
1.334
1.346
1.359
1.365
1.369
1.391
1.406
1.400
1.409
1.447
1.452
1.486
1.488
1.505
1.510
1.515
1.554
1.567
1.549
1.568
1.527
1.572
1.496
1.440
1.334
1.204
1.103
1.054
1.000
0.976
0.967
0.954
0.955
0.948
0.958
0.952
0.952
0.966
0.956
0.977
0.899
0.961
0.960
0.963
0.961
0.969
0.958
0.977
0.966
0.967
0.971
0.966
0.961
0.973
0.973
0.947
0.948
0.975
0.980
0.981
0.994
0.977
0.989
0.994
0.978
0.990
1.003
1.002
1.009
1.000
1.007
1.005
1.011
1.017
1.014
1.025
1.021
1.021
1.024
1.029
1.032
1.035
1.028
1.035
1.037
1.030
1.021
1.038
1.006
0.985
0.970
0.961
0.964
0.979
0.963
0.958
0.968
0.981
0.959
0.000
0.000
0.000
0.000
0.000
0.000
0.000
0.000
0.000
0.000
0.000
0.000
0.000
0.000
0.000
0.000
0.000
0.000
0.000
0.000
0.000
0.000
0.000
0.000
0.000
0.000
0.000
0.000
0.000
0.000
0.000
0.000
0.000
0.000
0.000
0.000
0.000
0.000
0.000
0.000
0.000
0.000
0.000
0.000
0.000
0.000
0.000
0.000
0.000
1.011
1.017
1.018
1.025
1.014
1.025
1.031
1.018
1.035
1.030
0.995
1.006
1.051
1.061
1.043
1.052
1.051
1.030
1.033
1.175
1.094
1.038
1.041
1.050
1.061
1.060
1.078
1.142
1.166
1.064
1.020
1.057
1.056
1.075
1.072
1.045
1.048
1.069
1.090
1.107
1.088
1.056
1.034
1.021
1.067
1.075
1.080
1.078
1.096
0.000
1.016
1.014
1.024
1.000
1.035
0.992
0.930
1.153
0.998
0.973
1.550
0.908
0.980
0.911
1.025
0.975
2.388
1.009
0.875
1.048
1.004
0.853
0.000
0.894
0.988
1.028
1.067
1.018
0.000
0.929
0.000
0.000
0.952
0.923
0.781
0.776
0.887
0.902
0.869
0.804
0.838
0.867
0.856
0.846
0.883
0.896
0.895
0.895
0.900
0.887
0.857
0.890
0.904
0.896
0.882
0.875
0.869
0.852
0.853
0.870
0.913
0.911
0.923
0.919
0.921
0.916
0.919
0.926
0.926
0.929
0.922
0.926
0.928
0.934
0.933
0.925
0.925
0.922
0.875
0.886
0.943
0.946
0.940
0.938
0.870
0.882
0.927
0.926
0.935
0.944
0.941
0.932
0.948
0.954
0.933
0.938
0.962
0.970
0.970
0.977
0.973
0.983
0.976
0.966
0.973
0.977
0.984
0.988
0.989
0.987
0.987
0.988
0.983
0.989
0.989
0.992
0.989
1.006
0.978
1.006
0.976
1.001
1.011
1.005
1.009
1.008
1.008
1.015
1.013
1.017
0.989
1.000
1.014
1.017
1.040
1.026
1.027
1.029
1.033
1.036
1.030
1.036
1.039
0.964
0.964
1.040
1.038
1.037
1.041
1.045
1.059
1.055
1.046
1.056
1.056
1.064
1.065
1.068
1.062
1.064
1.077
1.082
1.066
1.071
1.089
1.088
1.107
1.101
1.099
1.103
1.091
1.120
1.122
1.111
1.117
1.070
1.140
1.121
1.135
1.143
1.140
1.141
1.185
1.174
1.172
1.185
1.180
1.195
1.197
1.218
1.210
1.216
1.246
1.238
1.284
1.113
1.267
1.269
1.284
1.295
1.312
1.301
1.345
1.311
1.335
1.351
1.342
1.352
1.374
1.382
1.327
1.327
1.361
1.322
1.234
1.132
1.018
0.983
0.963
0.945
0.941
0.958
0.952
0.967
0.955
0.958
0.957
0.958
0.959
0.960
0.966
0.965
0.967
0.967
0.965
0.974
0.974
0.971
0.976
0.981
0.978
0.985
0.988
0.994
0.986
0.987
0.980
0.983
0.996
0.981
0.976
0.986
0.998
0.984
0.000
0.000
0.000
0.000
0.000
0.000
0.000
0.000
0.000
0.000
0.000
0.000
0.000
0.000
0.000
0.000
0.000
0.000
0.000
0.000
0.000
0.000
0.000
0.000
0.000
0.000
0.000
0.000
0.000
0.000
0.000
0.000
0.000
0.000
0.000
0.000
0.000
0.000
0.000
0.000
0.000
0.000
0.000
0.000
0.000
0.000
0.000
0.000
0.000
1.016
1.013
1.022
1.028
1.017
1.025
1.048
1.021
1.037
1.032
0.979
1.000
1.044
1.061
1.028
1.046
1.045
1.029
1.024
1.132
1.079
1.020
1.022
1.015
1.041
1.038
1.054
1.105
1.150
1.043
1.034
1.055
1.050
1.064
1.066
1.042
1.019
1.024
1.024
1.038
1.058
1.044
1.021
1.010
1.056
1.065
1.069
1.074
1.094
0.000
0.998
1.004
1.022
1.000
1.018
1.007
0.833
1.060
0.987
0.975
1.153
0.888
0.996
0.912
1.023
0.924
2.363
0.906
0.899
0.933
0.997
0.834
0.000
0.876
1.012
1.029
1.059
1.002
0.000
0.911
0.000
0.000
0.967
0.935
0.794
0.788
0.897
0.914
0.879
0.814
0.848
0.877
0.872
0.861
0.892
0.907
0.908
0.907
0.911
0.897
0.867
0.903
0.915
0.910
0.895
0.886
0.884
0.862
0.861
0.883
0.926
0.925
0.936
0.933
0.931
0.929
0.932
0.936
0.937
0.941
0.930
0.938
0.941
0.947
0.944
0.939
0.937
0.933
0.885
0.893
0.948
0.954
0.949
0.943
0.871
0.884
0.927
0.928
0.934
0.945
0.938
0.928
0.949
0.948
0.927
0.929
0.949
0.961
0.960
0.957
0.958
0.964
0.959
0.949
0.957
0.954
0.962
0.965
0.961
0.958
0.958
0.957
0.950
0.955
0.960
0.956
0.953
0.969
0.943
0.970
0.935
0.963
0.970
0.967
0.968
0.970
0.965
0.974
0.971
0.975
0.945
0.956
0.974
0.971
0.990
0.976
0.981
0.980
0.988
0.993
0.987
0.987
0.990
0.925
0.922
0.993
0.987
0.987
0.993
0.994
1.000
1.003
0.993
1.001
1.000
1.011
1.007
1.007
1.004
1.009
1.021
1.023
1.008
1.005
1.024
1.026
1.038
1.031
1.032
1.031
1.023
1.039
1.045
1.036
1.036
0.988
1.047
1.035
1.054
1.067
1.026
1.048
1.073
1.075
1.078
1.078
1.076
1.078
1.074
1.100
1.087
1.097
1.111
1.105
1.139
1.011
1.125
1.118
1.125
1.136
1.148
1.134
1.163
1.138
1.148
1.165
1.159
1.159
1.169
1.175
1.141
1.149
1.181
1.184
1.179
1.193
1.152
1.158
1.153
1.148
1.151
1.168
1.167
1.187
1.183
1.178
1.184
1.196
1.199
1.200
1.215
1.209
1.207
1.225
1.223
1.231
1.229
1.231
1.219
1.195
1.116
0.997
1.048
0.991
0.980
0.988
0.979
0.981
0.993
0.983
0.985
0.994
0.996
0.983
0.000
0.000
0.000
0.000
0.000
0.000
0.000
0.000
0.000
0.000
0.000
0.000
0.000
0.000
0.000
0.000
0.000
0.000
0.000
0.000
0.000
0.000
0.000
0.000
0.000
0.000
0.000
0.000
0.000
0.000
0.000
0.000
0.000
0.000
0.000
0.000
0.000
0.000
0.000
0.000
0.000
0.000
0.000
0.000
0.000
0.000
0.000
0.000
0.000
1.021
1.024
1.028
1.026
1.011
1.003
1.022
1.005
1.022
1.022
0.984
0.981
1.027
1.039
1.020
1.031
1.037
1.026
1.022
1.148
1.092
1.032
1.033
1.027
1.056
1.054
1.065
1.118
1.153
1.056
1.026
1.063
1.048
1.039
1.026
0.995
0.998
1.018
1.027
1.045
1.044
1.042
1.022
1.009
1.058
1.053
1.075
1.060
1.089
0.000
1.038
1.000
1.010
1.000
1.019
1.000
0.886
0.962
0.994
0.973
1.372
0.973
0.979
0.913
1.028
0.954
2.430
1.008
0.903
0.952
1.012
0.836
0.000
0.888
1.015
1.001
1.059
1.004
0.000
0.960
0.000
0.000
0.959
0.929
0.786
0.781
0.892
0.908
0.869
0.807
0.840
0.872
0.864
0.852
0.885
0.898
0.896
0.895
0.901
0.888
0.856
0.890
0.902
0.897
0.881
0.872
0.870
0.852
0.852
0.870
0.911
0.910
0.920
0.916
0.916
0.916
0.918
0.920
0.923
0.923
0.914
0.920
0.924
0.928
0.925
0.920
0.918
0.915
0.869
0.875
0.933
0.936
0.931
0.926
0.856
0.869
0.914
0.909
0.915
0.930
0.922
0.914
0.932
0.933
0.915
0.914
0.933
0.945
0.943
0.947
0.946
0.955
0.949
0.940
0.940
0.944
0.948
0.954
0.950
0.951
0.953
0.950
0.947
0.948
0.953
0.952
0.949
0.960
0.933
0.962
0.926
0.954
0.963
0.959
0.958
0.961
0.960
0.963
0.962
0.970
0.944
0.954
0.966
0.968
0.987
0.971
0.972
0.975
0.984
0.985
0.983
0.984
0.990
0.916
0.918
0.987
0.984
0.985
0.994
0.993
0.999
1.000
0.994
1.001
1.001
1.012
1.010
1.010
1.011
1.010
1.021
1.015
1.005
1.010
1.022
1.019
1.027
1.021
1.016
1.016
1.010
1.016
1.019
1.017
1.007
0.953
1.023
1.001
1.020
1.031
0.990
1.006
1.028
1.028
1.032
1.035
1.030
1.035
1.034
1.047
1.039
1.042
1.060
1.051
1.083
0.976
1.058
1.058
1.065
1.073
1.079
1.072
1.093
1.073
1.081
1.087
1.083
1.081
1.095
1.094
1.061
1.063
1.099
1.108
1.116
1.124
1.104
1.122
1.125
1.115
1.124
1.140
1.135
1.153
1.152
1.148
1.156
1.164
1.171
1.170
1.182
1.185
1.189
1.196
1.205
1.211
1.209
1.215
1.220
1.211
1.158
1.099
1.124
1.092
1.088
1.094
1.089
1.097
1.101
1.100
1.091
1.103
1.112
1.097
0.000
0.000
0.000
0.000
0.000
0.000
0.000
0.000
0.000
0.000
0.000
0.000
0.000
0.000
0.000
0.000
0.000
0.000
0.000
0.000
0.000
0.000
0.000
0.000
0.000
0.000
0.000
0.000
0.000
0.000
0.000
0.000
0.000
0.000
0.000
0.000
0.000
0.000
0.000
0.000
0.000
0.000
0.000
0.000
0.000
0.000
0.000
0.000
0.000
1.027
1.024
1.032
1.029
1.010
1.018
1.036
1.010
1.033
1.031
0.997
0.989
1.048
1.051
1.043
1.042
1.034
1.026
1.018
1.138
1.081
1.030
1.039
1.033
1.043
1.045
1.070
1.120
1.146
1.037
1.005
1.036
1.026
1.020
1.021
0.992
0.992
1.022
1.032
1.049
1.049
1.045
1.028
1.003
1.048
1.048
1.065
1.066
1.094
0.000
1.054
1.010
1.008
1.000
1.021
1.005
0.891
1.095
1.006
0.968
1.506
0.912
0.998
0.928
1.025
0.925
2.424
0.963
0.895
1.041
1.007
0.846
0.000
0.836
1.008
0.884
1.060
1.019
0.000
0.952
0.000
0.000
0.952
0.923
0.786
0.783
0.893
0.901
0.869
0.808
0.843
0.870
0.856
0.848
0.883
0.897
0.898
0.897
0.898
0.885
0.853
0.885
0.897
0.895
0.877
0.869
0.866
0.843
0.843
0.862
0.909
0.906
0.916
0.915
0.912
0.911
0.912
0.916
0.918
0.919
0.910
0.916
0.918
0.923
0.924
0.914
0.914
0.912
0.865
0.871
0.931
0.932
0.929
0.923
0.856
0.868
0.911
0.908
0.919
0.935
0.927
0.917
0.939
0.942
0.919
0.923
0.946
0.954
0.954
0.956
0.957
0.966
0.964
0.954
0.958
0.961
0.966
0.970
0.968
0.967
0.969
0.965
0.964
0.967
0.971
0.964
0.968
0.980
0.952
0.979
0.940
0.967
0.979
0.972
0.972
0.976
0.971
0.978
0.975
0.980
0.950
0.959
0.976
0.972
1.000
0.977
0.980
0.980
0.991
0.998
0.991
0.992
0.994
0.922
0.928
0.993
0.991
0.990
1.002
0.999
1.010
1.011
0.997
1.006
1.004
1.019
1.016
1.017
1.016
1.012
1.022
1.017
1.003
1.011
1.023
1.017
1.029
1.020
1.019
1.009
1.001
1.008
1.010
1.007
1.003
0.937
1.010
0.984
1.000
1.015
0.973
0.990
1.010
1.009
1.014
1.016
1.011
1.014
1.012
1.025
1.015
1.016
1.034
1.027
1.053
0.953
1.034
1.032
1.036
1.045
1.055
1.037
1.056
1.036
1.044
1.051
1.044
1.043
1.050
1.052
1.022
1.026
1.061
1.064
1.060
1.077
1.058
1.068
1.069
1.063
1.068
1.078
1.081
1.096
1.081
1.092
1.086
1.097
1.100
1.097
1.102
1.109
1.112
1.115
1.118
1.126
1.121
1.119
1.137
1.139
1.138
1.152
1.157
1.159
1.162
1.179
1.168
1.183
1.192
1.188
1.196
1.206
1.221
1.211
0.000
0.000
0.000
0.000
0.000
0.000
0.000
0.000
0.000
0.000
0.000
0.000
0.000
0.000
0.000
0.000
0.000
0.000
0.000
0.000
0.000
0.000
0.000
0.000
0.000
0.000
0.000
0.000
0.000
0.000
0.000
0.000
0.000
0.000
0.000
0.000
0.000
0.000
0.000
0.000
0.000
0.000
0.000
0.000
0.000
0.000
0.000
0.000
0.000
1.033
1.036
1.032
1.044
1.030
1.043
1.053
1.041
1.055
1.060
1.014
1.026
1.073
1.088
1.071
1.062
1.066
1.045
1.045
1.166
1.112
1.056
1.045
1.036
1.065
1.059
1.069
1.112
1.126
1.019
0.991
1.025
1.012
1.029
1.025
1.007
1.003
1.026
1.047
1.052
1.061
1.055
1.028
1.019
1.074
1.058
1.067
1.071
1.101
0.000
1.071
1.030
1.016
1.000
1.022
1.007
0.906
1.091
0.998
0.991
1.366
1.033
1.005
0.942
1.038
0.933
2.358
0.991
0.899
1.031
1.015
0.863
0.000
0.936
1.018
1.000
1.084
1.018
0.000
0.939
0.000
0.000
0.941
0.913
0.778
0.773
0.882
0.898
0.860
0.797
0.832
0.860
0.850
0.842
0.874
0.889
0.889
0.888
0.893
0.879
0.847
0.879
0.892
0.889
0.872
0.864
0.862
0.838
0.840
0.862
0.906
0.906
0.916
0.910
0.910
0.909
0.911
0.914
0.919
0.920
0.909
0.916
0.920
0.925
0.925
0.918
0.918
0.917
0.868
0.879
0.938
0.939
0.936
0.934
0.865
0.878
0.923
0.922
0.932
0.948
0.941
0.936
0.953
0.959
0.942
0.942
0.967
0.977
0.977
0.982
0.980
0.991
0.989
0.978
0.986
0.988
0.992
0.999
0.999
0.994
0.994
0.995
0.991
0.992
0.994
0.989
0.985
0.998
0.964
0.994
0.954
0.979
0.983
0.977
0.974
0.970
0.961
0.966
0.960
0.959
0.927
0.937
0.952
0.943
0.968
0.949
0.951
0.947
0.954
0.956
0.951
0.954
0.958
0.890
0.887
0.952
0.947
0.945
0.952
0.952
0.962
0.961
0.951
0.956
0.955
0.966
0.962
0.961
0.967
0.961
0.973
0.966
0.952
0.960
0.973
0.973
0.979
0.975
0.974
0.970
0.963
0.976
0.980
0.978
0.969
0.920
0.984
0.962
0.983
0.995
0.956
0.972
0.993
0.990
0.994
0.989
0.989
0.994
0.987
1.001
0.994
1.003
1.012
1.007
1.026
0.939
1.007
1.010
1.011
1.014
1.024
1.012
1.027
1.011
1.011
1.023
1.019
1.012
1.020
1.019
0.997
0.998
1.026
1.037
1.025
1.047
1.026
1.037
1.040
1.031
1.037
1.046
1.047
1.064
1.054
1.058
1.058
1.066
1.059
1.067
1.071
1.070
1.068
1.074
1.077
1.089
1.085
1.089
1.093
1.100
1.091
1.111
1.110
1.112
1.111
1.127
1.115
1.126
1.133
1.137
1.131
1.152
1.158
1.151
0.000
0.000
0.000
0.000
0.000
0.000
0.000
0.000
0.000
0.000
0.000
0.000
0.000
0.000
0.000
0.000
0.000
0.000
0.000
0.000
0.000
0.000
0.000
0.000
0.000
0.000
0.000
0.000
0.000
0.000
0.000
0.000
0.000
0.000
0.000
0.000
0.000
0.000
0.000
0.000
0.000
0.000
0.000
0.000
0.000
0.000
0.000
0.000
0.000
1.015
1.016
1.023
1.033
1.027
1.028
1.051
1.023
1.048
1.050
1.003
1.013
1.069
1.079
1.059
1.058
1.068
1.054
1.065
1.187
1.119
1.062
1.026
0.997
1.020
1.014
1.030
1.088
1.120
1.006
0.973
1.007
1.001
1.024
1.018
0.988
0.988
1.016
1.031
1.039
1.048
1.048
1.013
1.007
1.051
1.050
1.063
1.056
1.088
0.000
1.072
1.034
1.013
1.000
1.016
0.999
0.889
1.025
0.971
0.970
1.340
0.848
0.998
0.934
1.017
0.947
2.386
1.111
0.901
0.995
1.021
0.847
0.000
0.834
1.002
0.987
1.073
1.019
0.000
0.933
0.000
0.000
0.935
0.906
0.772
0.768
0.877
0.888
0.851
0.791
0.825
0.853
0.842
0.831
0.864
0.879
0.878
0.875
0.879
0.869
0.836
0.867
0.881
0.877
0.861
0.852
0.849
0.826
0.823
0.848
0.890
0.889
0.897
0.894
0.895
0.892
0.892
0.895
0.900
0.898
0.888
0.895
0.899
0.903
0.901
0.894
0.892
0.892
0.844
0.851
0.907
0.912
0.907
0.903
0.838
0.850
0.889
0.891
0.895
0.909
0.900
0.893
0.913
0.911
0.894
0.899
0.920
0.932
0.926
0.929
0.928
0.935
0.933
0.925
0.930
0.930
0.937
0.939
0.937
0.939
0.938
0.937
0.932
0.939
0.942
0.939
0.937
0.948
0.919
0.949
0.916
0.940
0.952
0.942
0.945
0.945
0.945
0.948
0.946
0.950
0.923
0.933
0.947
0.942
0.965
0.950
0.951
0.950
0.957
0.966
0.958
0.957
0.960
0.894
0.894
0.960
0.957
0.958
0.963
0.960
0.974
0.971
0.959
0.971
0.968
0.977
0.974
0.977
0.977
0.975
0.980
0.978
0.971
0.972
0.990
0.985
0.993
0.994
0.989
0.989
0.986
0.997
0.997
0.999
0.996
0.946
1.010
0.990
1.006
1.024
0.991
1.000
1.021
1.021
1.025
1.028
1.025
1.027
1.030
1.039
1.038
1.039
1.056
1.054
1.079
0.973
1.065
1.056
1.060
1.069
1.080
1.073
1.091
1.071
1.079
1.087
1.078
1.074
1.081
1.079
1.041
1.031
1.045
1.048
1.028
1.034
1.013
1.013
1.014
1.000
1.006
1.025
1.017
1.030
1.019
1.023
1.024
1.028
1.033
1.031
1.035
1.040
1.035
1.035
1.035
1.039
1.039
1.044
1.042
1.042
1.035
1.044
1.044
1.042
1.036
1.043
1.033
1.042
1.052
1.042
1.044
1.049
1.060
1.044
0.000
0.000
0.000
0.000
0.000
0.000
0.000
0.000
0.000
0.000
0.000
0.000
0.000
0.000
0.000
0.000
0.000
0.000
0.000
0.000
0.000
0.000
0.000
0.000
0.000
0.000
0.000
0.000
0.000
0.000
0.000
0.000
0.000
0.000
0.000
0.000
0.000
0.000
0.000
0.000
0.000
0.000
0.000
0.000
0.000
0.000
0.000
0.000
0.000
1.025
1.029
1.027
1.037
1.028
1.033
1.048
1.042
1.068
1.059
1.017
1.019
1.074
1.087
1.049
1.018
1.011
0.982
0.995
1.105
1.051
0.995
0.997
0.994
1.014
1.008
1.024
1.069
1.117
1.021
0.990
1.023
1.019
1.038
1.029
1.002
1.001
1.032
1.039
1.055
1.043
1.025
1.011
0.994
1.049
1.054
1.057
1.049
1.080
0.000
1.065
1.024
1.006
1.000
1.024
1.004
0.909
1.094
0.994
0.959
1.434
0.851
0.978
0.933
1.047
0.951
2.376
1.022
0.899
1.124
1.030
0.828
0.000
0.880
0.998
1.003
1.088
1.005
0.000
0.954
0.000
0.000
0.990
0.959
0.816
0.814
0.928
0.945
0.904
0.839
0.874
0.908
0.898
0.886
0.921
0.937
0.936
0.936
0.938
0.928
0.897
0.931
0.946
0.941
0.924
0.913
0.916
0.893
0.893
0.918
0.961
0.961
0.972
0.968
0.970
0.970
0.972
0.979
0.980
0.983
0.976
0.987
0.989
0.998
0.998
0.991
0.993
0.995
0.943
0.956
1.017
1.027
1.029
1.025
0.955
0.968
1.019
1.023
1.035
1.052
1.046
1.041
1.066
1.071
1.049
1.055
1.084
1.096
1.098
1.098
1.099
1.108
1.102
1.093
1.095
1.091
1.090
1.091
1.079
1.068
1.057
1.041
1.023
1.015
1.008
0.993
0.981
0.986
0.951
0.973
0.933
0.951
0.962
0.949
0.946
0.945
0.938
0.940
0.941
0.943
0.917
0.921
0.935
0.933
0.955
0.938
0.939
0.938
0.946
0.950
0.941
0.946
0.945
0.883
0.880
0.943
0.940
0.941
0.948
0.945
0.954
0.953
0.942
0.949
0.949
0.959
0.955
0.954
0.961
0.953
0.963
0.960
0.946
0.947
0.958
0.954
0.965
0.964
0.958
0.951
0.943
0.956
0.961
0.958
0.949
0.896
0.961
0.939
0.957
0.968
0.940
0.946
0.965
0.963
0.965
0.965
0.964
0.969
0.963
0.973
0.963
0.967
0.979
0.975
1.000
0.914
0.981
0.978
0.981
0.981
0.995
0.980
0.995
0.976
0.979
0.988
0.977
0.974
0.978
0.983
0.960
0.955
0.977
0.981
0.979
0.998
0.977
0.984
0.986
0.976
0.981
0.996
0.994
1.000
0.996
0.999
0.997
1.002
1.002
1.003
1.009
1.007
1.005
1.015
1.007
1.014
1.015
1.008
1.015
1.021
1.019
1.030
1.029
1.029
1.031
1.034
1.034
1.038
1.046
1.033
1.032
1.045
1.055
1.042
0.000
0.000
0.000
0.000
0.000
0.000
0.000
0.000
0.000
0.000
0.000
0.000
0.000
0.000
0.000
0.000
0.000
0.000
0.000
0.000
0.000
0.000
0.000
0.000
0.000
0.000
0.000
0.000
0.000
0.000
0.000
0.000
0.000
0.000
0.000
0.000
0.000
0.000
0.000
0.000
0.000
0.000
0.000
0.000
0.000
0.000
0.000
0.000
0.000
1.052
1.053
1.053
1.060
1.054
1.050
1.020
0.999
1.010
1.009
0.966
0.972
1.005
1.018
0.992
0.995
1.000
0.972
0.984
1.100
1.050
0.990
0.991
0.988
1.015
1.010
1.022
1.078
1.114
1.014
0.993
1.018
1.016
1.030
1.034
1.009
1.009
1.040
1.050
1.071
1.067
1.052
1.033
1.017
1.070
1.066
1.079
1.066
1.088
0.000
1.068
1.023
1.012
1.000
1.012
1.004
0.900
1.111
1.013
0.977
1.366
0.902
0.993
0.947
1.054
0.925
2.386
0.957
0.898
1.030
1.036
0.833
0.000
0.856
1.001
0.943
1.089
1.034
0.000
0.918
0.000
0.000
0.933
0.905
0.771
0.770
0.875
0.890
0.855
0.796
0.829
0.858
0.846
0.836
0.872
0.886
0.885
0.881
0.884
0.874
0.840
0.870
0.886
0.885
0.865
0.860
0.848
0.827
0.828
0.851
0.897
0.894
0.904
0.899
0.899
0.896
0.900
0.903
0.907
0.905
0.896
0.902
0.904
0.909
0.909
0.901
0.900
0.897
0.849
0.859
0.914
0.919
0.914
0.908
0.843
0.857
0.898
0.901
0.908
0.919
0.912
0.905
0.927
0.929
0.906
0.913
0.933
0.943
0.946
0.949
0.947
0.954
0.952
0.946
0.949
0.952
0.959
0.966
0.965
0.962
0.966
0.966
0.963
0.967
0.973
0.968
0.967
0.984
0.961
0.988
0.958
0.980
0.994
0.985
0.988
0.989
0.988
0.992
0.989
0.992
0.962
0.969
0.979
0.975
0.996
0.976
0.973
0.969
0.971
0.979
0.960
0.960
0.961
0.894
0.893
0.955
0.951
0.949
0.954
0.952
0.963
0.962
0.948
0.954
0.955
0.961
0.966
0.959
0.960
0.960
0.968
0.971
0.949
0.954
0.967
0.966
0.981
0.970
0.971
0.969
0.960
0.976
0.976
0.972
0.966
0.914
0.982
0.961
0.972
0.979
0.962
0.971
0.993
0.983
0.989
0.990
0.985
0.992
0.988
1.001
0.990
0.996
1.006
1.001
1.028
0.932
1.007
1.006
1.004
1.011
1.020
1.007
1.024
1.013
1.013
1.021
1.019
1.011
1.022
1.022
0.996
1.002
1.028
1.032
1.033
1.050
1.025
1.036
1.033
1.021
1.024
1.031
1.025
1.035
1.018
1.006
0.998
1.002
1.000
0.993
0.996
0.998
0.993
1.002
0.996
1.002
1.001
1.004
1.003
1.015
1.003
1.020
1.018
1.023
1.018
1.028
1.020
1.029
1.033
1.029
1.027
1.039
1.047
1.036
0.000
0.000
0.000
0.000
0.000
0.000
0.000
0.000
0.000
0.000
0.000
0.000
0.000
0.000
0.000
0.000
0.000
0.000
0.000
0.000
0.000
0.000
0.000
0.000
0.000
0.000
0.000
0.000
0.000
0.000
0.000
0.000
0.000
0.000
0.000
0.000
0.000
0.000
0.000
0.000
0.000
0.000
0.000
0.000
0.000
0.000
0.000
0.000
0.000
1.078
1.083
1.088
1.097
1.084
1.102
1.102
1.066
1.075
1.075
1.037
1.029
1.080
1.091
1.051
1.019
1.006
0.981
0.988
1.103
1.044
0.990
0.999
0.988
1.007
1.003
1.025
1.070
1.112
1.012
0.989
1.018
1.012
1.032
1.033
1.000
0.993
1.024
1.032
1.051
1.051
1.045
1.025
1.006
1.062
1.058
1.080
1.058
1.095
0.000
1.027
1.001
1.005
1.000
1.021
1.002
0.954
1.138
1.010
0.968
1.523
0.884
0.988
0.924
1.043
0.947
2.444
0.973
0.898
1.125
1.032
0.844
0.000
0.882
1.005
0.985
1.080
1.013
0.000
0.916
0.000
0.000
0.979
0.950
0.810
0.806
0.913
0.922
0.889
0.826
0.859
0.885
0.870
0.861
0.892
0.905
0.901
0.897
0.895
0.883
0.850
0.881
0.895
0.886
0.868
0.858
0.851
0.832
0.832
0.849
0.890
0.885
0.895
0.889
0.888
0.886
0.887
0.890
0.890
0.892
0.881
0.887
0.888
0.893
0.891
0.881
0.879
0.879
0.835
0.839
0.894
0.900
0.892
0.889
0.823
0.833
0.878
0.873
0.881
0.892
0.886
0.877
0.897
0.898
0.878
0.882
0.903
0.913
0.913
0.914
0.913
0.920
0.917
0.907
0.912
0.912
0.917
0.923
0.921
0.919
0.920
0.919
0.916
0.917
0.921
0.919
0.916
0.931
0.908
0.934
0.903
0.923
0.934
0.929
0.929
0.930
0.927
0.932
0.931
0.936
0.908
0.917
0.930
0.928
0.947
0.935
0.937
0.937
0.941
0.945
0.941
0.943
0.943
0.878
0.877
0.942
0.938
0.938
0.941
0.941
0.950
0.950
0.938
0.946
0.946
0.950
0.951
0.949
0.946
0.947
0.957
0.958
0.939
0.942
0.955
0.961
0.966
0.960
0.962
0.959
0.954
0.968
0.968
0.959
0.954
0.910
0.972
0.952
0.965
0.965
0.960
0.961
0.983
0.973
0.979
0.983
0.979
0.989
0.979
0.995
0.984
0.985
1.001
0.997
1.021
0.925
1.001
1.001
0.999
1.006
1.019
1.007
1.024
1.008
1.011
1.018
1.016
1.015
1.020
1.019
0.997
0.997
1.026
1.032
1.032
1.048
1.026
1.035
1.037
1.030
1.029
1.043
1.042
1.050
1.038
1.032
1.031
1.027
1.027
1.020
1.030
1.029
1.033
1.031
1.032
1.040
1.037
1.042
1.041
1.055
1.046
1.061
1.056
1.054
1.053
1.069
1.058
1.063
1.071
1.068
1.068
1.081
1.097
1.081
0.000
0.000
0.000
0.000
0.000
0.000
0.000
0.000
0.000
0.000
0.000
0.000
0.000
0.000
0.000
0.000
0.000
0.000
0.000
0.000
0.000
0.000
0.000
0.000
0.000
0.000
0.000
0.000
0.000
0.000
0.000
0.000
0.000
0.000
0.000
0.000
0.000
0.000
0.000
0.000
0.000
0.000
0.000
0.000
0.000
0.000
0.000
0.000
0.000
1.059
1.059
1.061
1.073
1.067
1.071
1.084
1.070
1.096
1.091
1.052
1.062
1.119
1.128
1.104
1.074
1.066
1.045
1.045
1.174
1.117
1.041
1.001
0.986
1.003
1.004
1.013
1.059
1.101
1.009
0.979
1.015
1.006
1.024
1.016
0.992
0.993
1.022
1.036
1.048
1.049
1.044
1.012
1.014
1.058
1.057
1.069
1.069
1.097
0.000
1.006
0.994
1.002
1.000
1.011
0.998
0.955
1.050
0.993
0.990
1.455
0.964
0.988
0.938
1.032
0.973
2.358
0.836
0.905
1.011
1.027
0.854
0.000
0.815
1.008
1.007
1.076
1.021
0.000
0.931
0.000
0.000
0.989
0.958
0.817
0.814
0.921
0.936
0.902
0.834
0.866
0.893
0.880
0.868
0.901
0.912
0.909
0.905
0.905
0.890
0.859
0.892
0.906
0.895
0.878
0.868
0.861
0.842
0.839
0.858
0.898
0.894
0.903
0.897
0.896
0.892
0.892
0.895
0.897
0.898
0.887
0.891
0.894
0.897
0.896
0.885
0.884
0.882
0.835
0.844
0.897
0.903
0.895
0.887
0.823
0.834
0.876
0.876
0.879
0.891
0.889
0.878
0.899
0.900
0.877
0.882
0.903
0.916
0.910
0.911
0.909
0.918
0.911
0.906
0.910
0.910
0.915
0.918
0.916
0.918
0.916
0.916
0.912
0.911
0.918
0.915
0.912
0.924
0.902
0.928
0.898
0.917
0.927
0.924
0.921
0.921
0.920
0.926
0.925
0.927
0.903
0.907
0.920
0.919
0.940
0.925
0.925
0.928
0.934
0.937
0.931
0.932
0.937
0.871
0.877
0.931
0.927
0.928
0.930
0.934
0.939
0.937
0.926
0.937
0.933
0.944
0.944
0.941
0.945
0.940
0.952
0.948
0.929
0.936
0.948
0.942
0.956
0.954
0.950
0.948
0.940
0.960
0.954
0.947
0.949
0.900
0.963
0.942
0.957
0.959
0.954
0.952
0.980
0.969
0.971
0.978
0.973
0.977
0.976
0.985
0.978
0.981
0.992
0.993
1.016
0.930
0.998
0.992
0.998
0.995
1.007
0.998
1.019
0.998
1.007
1.015
1.007
1.000
1.005
1.011
0.989
0.991
1.014
1.026
1.024
1.044
1.021
1.036
1.036
1.025
1.032
1.045
1.045
1.063
1.052
1.058
1.058
1.060
1.069
1.063
1.076
1.072
1.076
1.078
1.075
1.082
1.081
1.091
1.096
1.100
1.088
1.078
1.095
1.066
1.045
1.061
1.045
1.046
1.060
1.050
1.052
1.063
1.078
1.060
0.000
0.000
0.000
0.000
0.000
0.000
0.000
0.000
0.000
0.000
0.000
0.000
0.000
0.000
0.000
0.000
0.000
0.000
0.000
0.000
0.000
0.000
0.000
0.000
0.000
0.000
0.000
0.000
0.000
0.000
0.000
0.000
0.000
0.000
0.000
0.000
0.000
0.000
0.000
0.000
0.000
0.000
0.000
0.000
0.000
0.000
0.000
0.000
0.000
1.029
1.038
1.049
1.051
1.039
1.045
1.059
1.044
1.063
1.067
1.021
1.035
1.091
1.097
1.075
1.091
1.101
1.069
1.080
1.211
1.147
1.083
1.035
1.025
1.033
1.028
1.043
1.093
1.093
0.996
0.969
1.007
1.006
1.017
1.010
0.988
0.984
1.016
1.025
1.042
1.052
1.036
1.022
1.015
1.059
1.057
1.060
1.058
1.071
0.000
0.990
0.991
0.994
1.000
1.011
0.993
0.894
1.136
0.987
0.978
1.436
0.915
0.984
0.920
1.037
0.942
2.373
1.003
0.892
1.143
1.022
0.841
0.000
0.835
1.000
1.105
1.078
1.002
0.000
0.916
0.000
0.000
0.963
0.930
0.794
0.789
0.899
0.914
0.876
0.813
0.845
0.876
0.866
0.856
0.889
0.904
0.903
0.900
0.902
0.891
0.858
0.893
0.908
0.902
0.888
0.876
0.870
0.848
0.847
0.869
0.914
0.910
0.918
0.915
0.915
0.912
0.913
0.919
0.919
0.918
0.907
0.914
0.915
0.920
0.918
0.909
0.906
0.904
0.859
0.867
0.918
0.926
0.919
0.917
0.846
0.858
0.901
0.900
0.905
0.918
0.912
0.905
0.924
0.924
0.903
0.907
0.928
0.937
0.935
0.936
0.934
0.942
0.938
0.930
0.935
0.936
0.942
0.943
0.944
0.941
0.939
0.940
0.937
0.939
0.939
0.938
0.934
0.952
0.928
0.950
0.923
0.942
0.955
0.947
0.944
0.942
0.947
0.952
0.950
0.954
0.926
0.937
0.947
0.947
0.970
0.955
0.953
0.954
0.961
0.962
0.963
0.961
0.965
0.901
0.903
0.968
0.958
0.961
0.962
0.966
0.975
0.972
0.960
0.972
0.972
0.977
0.981
0.982
0.981
0.980
0.985
0.991
0.971
0.977
0.995
0.992
1.004
0.996
0.995
0.998
0.988
1.010
1.005
1.000
0.996
0.960
1.014
0.993
1.014
1.020
1.000
1.006
1.039
1.036
1.034
1.036
1.035
1.039
1.034
1.056
1.044
1.044
1.063
1.061
1.081
0.976
1.066
1.072
1.076
1.076
1.090
1.077
1.092
1.083
1.083
1.087
1.077
1.067
1.066
1.062
1.021
1.031
1.053
1.059
1.059
1.076
1.056
1.065
1.070
1.060
1.071
1.085
1.084
1.100
1.087
1.091
1.096
1.095
1.100
1.099
1.099
1.103
1.102
1.110
1.099
1.112
1.109
1.111
1.119
1.120
1.098
1.064
1.096
1.024
0.999
0.999
0.983
0.987
0.990
0.985
0.986
0.997
1.010
0.987
0.000
0.000
0.000
0.000
0.000
0.000
0.000
0.000
0.000
0.000
0.000
0.000
0.000
0.000
0.000
0.000
0.000
0.000
0.000
0.000
0.000
0.000
0.000
0.000
0.000
0.000
0.000
0.000
0.000
0.000
0.000
0.000
0.000
0.000
0.000
0.000
0.000
0.000
0.000
0.000
0.000
0.000
0.000
0.000
0.000
0.000
0.000
0.000
0.000
1.050
1.046
1.047
1.054
1.039
1.047
1.062
1.044
1.067
1.063
1.028
1.030
1.080
1.094
1.070
1.082
1.093
1.070
1.075
1.210
1.147
1.091
1.093
1.096
1.111
1.105
1.125
1.163
1.155
1.048
1.013
1.039
1.033
1.037
1.031
1.001
1.003
1.037
1.038
1.062
1.067
1.070
1.036
1.028
1.076
1.069
1.069
1.055
1.052
0.000
1.005
1.006
1.022
1.000
1.028
1.019
0.915
1.065
1.014
0.988
1.425
0.916
1.000
0.923
1.058
0.984
2.386
1.052
0.906
1.043
1.041
0.879
0.000
0.855
1.013
0.884
1.086
1.038
0.000
0.920
0.000
0.000
0.940
0.910
0.775
0.773
0.879
0.895
0.861
0.801
0.835
0.865
0.852
0.840
0.879
0.894
0.893
0.888
0.893
0.884
0.853
0.883
0.898
0.895
0.879
0.871
0.867
0.842
0.840
0.865
0.912
0.909
0.916
0.915
0.916
0.912
0.913
0.918
0.921
0.923
0.912
0.919
0.923
0.926
0.925
0.918
0.916
0.913
0.866
0.875
0.933
0.939
0.931
0.925
0.855
0.867
0.916
0.913
0.921
0.935
0.927
0.921
0.941
0.940
0.919
0.923
0.944
0.955
0.955
0.956
0.955
0.962
0.963
0.950
0.957
0.958
0.966
0.969
0.967
0.964
0.966
0.965
0.963
0.966
0.973
0.970
0.964
0.980
0.954
0.984
0.953
0.978
0.988
0.985
0.988
0.988
0.986
0.993
0.993
0.996
0.971
0.982
0.998
0.997
1.022
1.008
1.011
1.013
1.021
1.028
1.024
1.031
1.029
0.956
0.957
1.035
1.026
1.023
1.028
1.022
1.028
1.026
1.006
1.017
1.016
1.025
1.019
1.020
1.024
1.022
1.032
1.033
1.017
1.020
1.042
1.039
1.050
1.046
1.043
1.037
1.034
1.051
1.058
1.054
1.053
1.008
1.068
1.047
1.072
1.081
1.053
1.071
1.097
1.096
1.096
1.101
1.096
1.107
1.101
1.126
1.118
1.121
1.139
1.141
1.168
1.031
1.153
1.151
1.162
1.169
1.176
1.168
1.177
1.163
1.149
1.138
1.099
1.050
1.015
0.986
0.939
0.930
0.947
0.949
0.943
0.955
0.938
0.949
0.946
0.934
0.943
0.956
0.948
0.960
0.948
0.950
0.954
0.957
0.959
0.955
0.962
0.963
0.959
0.960
0.960
0.966
0.958
0.961
0.965
0.978
0.969
0.978
0.982
0.979
0.979
0.982
0.971
0.977
0.985
0.982
0.977
0.985
0.992
0.976
0.000
0.000
0.000
0.000
0.000
0.000
0.000
0.000
0.000
0.000
0.000
0.000
0.000
0.000
0.000
0.000
0.000
0.000
0.000
0.000
0.000
0.000
0.000
0.000
0.000
0.000
0.000
0.000
0.000
0.000
0.000
0.000
0.000
0.000
0.000
0.000
0.000
0.000
0.000
0.000
0.000
0.000
0.000
0.000
0.000
0.000
0.000
0.000
0.000
1.037
1.038
1.043
1.046
1.041
1.053
1.063
1.047
1.065
1.058
1.017
1.031
1.081
1.093
1.070
1.065
1.067
1.052
1.064
1.177
1.127
1.065
1.068
1.070
1.082
1.085
1.101
1.163
1.195
1.099
1.068
1.113
1.100
1.070
1.032
1.013
1.008
1.032
1.040
1.054
1.061
1.053
1.029
1.014
1.064
1.053
1.022
0.992
1.015
0.000
0.997
0.998
1.008
1.000
1.011
0.999
0.908
1.010
0.987
0.993
1.577
0.875
0.965
0.919
1.043
0.937
2.398
0.900
0.892
1.006
1.019
0.851
0.000
0.821
0.997
0.913
1.061
1.024
0.000
0.924
0.000
0.000
0.995
0.967
0.827
0.829
0.943
0.956
0.930
0.866
0.904
0.935
0.918
0.910
0.958
0.974
0.974
0.970
0.974
0.963
0.930
0.964
0.980
0.980
0.961
0.953
0.949
0.921
0.919
0.946
1.003
0.999
1.012
1.007
1.009
1.006
1.010
1.016
1.017
1.019
1.006
1.017
1.020
1.027
1.027
1.019
1.016
1.016
0.963
0.975
1.038
1.045
1.042
1.037
0.960
0.975
1.022
1.025
1.038
1.053
1.050
1.044
1.067
1.072
1.046
1.054
1.080
1.093
1.098
1.101
1.102
1.116
1.114
1.108
1.117
1.123
1.135
1.139
1.143
1.145
1.152
1.158
1.158
1.166
1.177
1.176
1.178
1.203
1.181
1.215
1.184
1.221
1.243
1.242
1.246
1.259
1.267
1.281
1.287
1.301
1.275
1.301
1.331
1.335
1.377
1.364
1.373
1.381
1.400
1.419
1.410
1.416
1.414
1.294
1.280
1.377
1.343
1.298
1.255
1.198
1.146
1.098
1.038
1.018
0.995
0.994
0.974
0.966
0.969
0.957
0.959
0.959
0.943
0.943
0.953
0.952
0.964
0.955
0.951
0.947
0.946
0.954
0.959
0.958
0.948
0.901
0.961
0.944
0.957
0.975
0.942
0.955
0.972
0.972
0.976
0.973
0.970
0.975
0.980
0.990
0.981
0.980
0.993
0.990
1.013
0.929
0.995
0.994
0.990
0.990
1.003
0.997
1.001
0.993
0.995
0.997
0.989
0.980
0.983
0.972
0.953
0.942
0.964
0.958
0.960
0.965
0.944
0.952
0.944
0.941
0.942
0.953
0.949
0.959
0.948
0.954
0.951
0.952
0.957
0.961
0.958
0.957
0.956
0.964
0.958
0.962
0.961
0.960
0.963
0.968
0.962
0.973
0.977
0.974
0.965
0.979
0.965
0.968
0.975
0.967
0.969
0.973
0.977
0.969
0.000
0.000
0.000
0.000
0.000
0.000
0.000
0.000
0.000
0.000
0.000
0.000
0.000
0.000
0.000
0.000
0.000
0.000
0.000
0.000
0.000
0.000
0.000
0.000
0.000
0.000
0.000
0.000
0.000
0.000
0.000
0.000
0.000
0.000
0.000
0.000
0.000
0.000
0.000
0.000
0.000
0.000
0.000
0.000
0.000
0.000
0.000
0.000
0.000
1.047
1.047
1.056
1.065
1.060
1.064
1.069
1.061
1.080
1.083
1.041
1.045
1.093
1.101
1.094
1.097
1.104
1.098
1.095
1.216
1.168
1.105
1.110
1.101
1.118
1.125
1.134
1.201
1.240
1.134
1.091
1.130
1.131
1.146
1.141
1.111
1.113
1.139
1.086
1.095
1.081
1.085
1.067
1.046
1.056
1.013
1.016
1.011
1.040
0.000
1.012
1.006
1.018
1.000
1.014
0.998
0.955
1.131
1.026
1.013
1.335
0.900
0.999
0.933
1.063
0.963
2.430
0.967
0.904
1.026
1.046
0.895
0.000
0.804
1.005
0.915
1.083
1.045
0.000
0.938
0.000
0.000
1.089
1.058
0.899
0.900
1.013
1.029
1.010
0.939
0.976
1.007
0.980
0.973
1.028
1.046
1.045
1.038
1.040
1.027
0.987
1.021
1.041
1.048
1.024
1.014
1.015
0.973
0.963
1.006
1.068
1.063
1.075
1.072
1.071
1.069
1.073
1.081
1.083
1.083
1.071
1.081
1.082
1.092
1.090
1.078
1.075
1.074
1.021
1.036
1.103
1.111
1.107
1.098
1.012
1.028
1.078
1.078
1.098
1.118
1.113
1.107
1.132
1.138
1.109
1.117
1.147
1.164
1.164
1.172
1.176
1.190
1.191
1.180
1.192
1.196
1.213
1.216
1.226
1.228
1.236
1.244
1.246
1.255
1.270
1.270
1.276
1.303
1.285
1.322
1.295
1.330
1.360
1.355
1.365
1.376
1.390
1.403
1.410
1.423
1.380
1.401
1.422
1.415
1.446
1.402
1.377
1.335
1.302
1.253
1.183
1.131
1.089
0.982
0.967
1.011
0.989
0.978
0.974
0.965
0.972
0.972
0.950
0.956
0.954
0.963
0.959
0.960
0.965
0.961
0.967
0.965
0.951
0.953
0.968
0.962
0.974
0.969
0.965
0.960
0.954
0.969
0.974
0.968
0.965
0.922
0.978
0.958
0.975
0.991
0.954
0.965
0.987
0.985
0.989
0.988
0.986
0.988
0.985
0.998
0.986
0.987
1.002
0.997
1.016
0.936
0.994
0.982
0.979
0.981
0.983
0.962
0.965
0.956
0.953
0.958
0.947
0.938
0.938
0.947
0.926
0.918
0.940
0.948
0.950
0.958
0.943
0.946
0.945
0.940
0.940
0.953
0.951
0.961
0.953
0.958
0.954
0.955
0.957
0.956
0.960
0.959
0.957
0.964
0.954
0.962
0.959
0.957
0.958
0.963
0.950
0.968
0.966
0.965
0.956
0.967
0.958
0.961
0.968
0.961
0.960
0.970
0.979
0.964
0.000
0.000
0.000
0.000
0.000
0.000
0.000
0.000
0.000
0.000
0.000
0.000
0.000
0.000
0.000
0.000
0.000
0.000
0.000
0.000
0.000
0.000
0.000
0.000
0.000
0.000
0.000
0.000
0.000
0.000
0.000
0.000
0.000
0.000
0.000
0.000
0.000
0.000
0.000
0.000
0.000
0.000
0.000
0.000
0.000
0.000
0.000
0.000
0.000
1.049
1.051
1.057
1.064
1.059
1.065
1.081
1.066
1.087
1.082
1.039
1.037
1.098
1.114
1.090
1.098
1.111
1.099
1.094
1.226
1.166
1.111
1.111
1.106
1.130
1.128
1.143
1.201
1.255
1.145
1.112
1.154
1.147
1.156
1.148
1.117
1.121
1.158
1.171
1.156
1.117
1.096
1.069
1.058
1.092
1.048
1.022
1.022
1.045
0.000
1.011
1.003
1.018
1.000
1.016
1.007
0.955
1.173
1.015
1.038
1.650
0.869
0.989
0.934
1.074
0.990
2.476
0.998
0.915
1.000
1.058
0.883
0.000
0.853
1.009
1.102
1.098
1.042
0.000
0.986
0.000
0.000
0.943
0.913
0.778
0.778
0.882
0.893
0.866
0.805
0.839
0.867
0.850
0.839
0.879
0.896
0.894
0.890
0.892
0.880
0.847
0.877
0.892
0.893
0.875
0.865
0.861
0.835
0.830
0.855
0.905
0.901
0.911
0.906
0.907
0.903
0.904
0.912
0.913
0.912
0.902
0.910
0.913
0.918
0.919
0.909
0.905
0.903
0.855
0.865
0.923
0.929
0.923
0.918
0.846
0.859
0.905
0.906
0.912
0.924
0.922
0.913
0.933
0.936
0.914
0.919
0.941
0.954
0.951
0.955
0.954
0.963
0.958
0.952
0.951
0.956
0.963
0.965
0.965
0.966
0.965
0.964
0.964
0.966
0.973
0.970
0.964
0.983
0.961
0.982
0.958
0.978
0.989
0.984
0.988
0.987
0.988
0.995
0.993
0.999
0.971
0.978
0.995
0.991
1.017
1.003
1.005
1.002
1.013
1.020
1.015
1.018
1.018
0.940
0.942
1.018
1.013
1.011
1.018
1.016
1.027
1.026
1.014
1.024
1.018
1.033
1.034
1.035
1.039
1.036
1.042
1.042
1.035
1.036
1.052
1.049
1.066
1.060
1.062
1.061
1.055
1.070
1.077
1.079
1.072
1.028
1.092
1.073
1.097
1.114
1.080
1.102
1.123
1.128
1.132
1.132
1.134
1.147
1.148
1.166
1.159
1.164
1.179
1.177
1.216
1.070
1.199
1.197
1.191
1.193
1.194
1.165
1.103
1.129
1.037
1.004
0.971
0.952
0.949
0.941
0.919
0.916
0.936
0.939
0.941
0.950
0.929
0.940
0.939
0.932
0.937
0.952
0.947
0.954
0.948
0.944
0.951
0.953
0.956
0.951
0.954
0.957
0.954
0.953
0.955
0.961
0.962
0.964
0.968
0.974
0.961
0.976
0.971
0.980
0.970
0.981
0.972
0.977
0.986
0.975
0.980
0.985
0.991
0.980
0.000
0.000
0.000
0.000
0.000
0.000
0.000
0.000
0.000
0.000
0.000
0.000
0.000
0.000
0.000
0.000
0.000
0.000
0.000
0.000
0.000
0.000
0.000
0.000
0.000
0.000
0.000
0.000
0.000
0.000
0.000
0.000
0.000
0.000
0.000
0.000
0.000
0.000
0.000
0.000
0.000
0.000
0.000
0.000
0.000
0.000
0.000
0.000
0.000
1.022
1.028
1.029
1.036
1.030
1.042
1.053
1.039
1.059
1.050
1.014
1.015
1.072
1.084
1.073
1.071
1.081
1.073
1.063
1.190
1.121
1.052
1.056
1.047
1.073
1.071
1.093
1.142
1.183
1.083
1.066
1.098
1.094
1.116
1.116
1.083
1.044
1.026
1.032
1.047
1.048
1.042
1.028
1.014
1.059
1.059
1.064
1.064
1.063
0.000
0.998
0.993
1.006
1.000
1.007
1.005
0.931
1.114
0.997
0.990
1.507
0.846
0.973
0.913
1.041
0.951
2.363
0.889
0.900
0.984
1.029
0.868
0.000
0.760
0.997
0.977
1.067
1.025
0.000
0.933
0.000
0.000
0.957
0.925
0.787
0.782
0.891
0.905
0.872
0.808
0.842
0.869
0.855
0.849
0.883
0.899
0.899
0.894
0.895
0.885
0.853
0.883
0.897
0.892
0.878
0.866
0.864
0.836
0.833
0.858
0.904
0.901
0.909
0.904
0.904
0.899
0.902
0.906
0.906
0.903
0.893
0.902
0.904
0.906
0.902
0.895
0.893
0.890
0.844
0.853
0.905
0.910
0.904
0.899
0.830
0.841
0.886
0.881
0.890
0.898
0.895
0.889
0.904
0.908
0.884
0.886
0.909
0.921
0.916
0.920
0.918
0.926
0.920
0.913
0.915
0.916
0.924
0.925
0.925
0.921
0.920
0.924
0.920
0.922
0.925
0.923
0.920
0.932
0.915
0.933
0.907
0.930
0.939
0.934
0.934
0.933
0.932
0.937
0.938
0.943
0.918
0.925
0.939
0.936
0.958
0.946
0.947
0.946
0.953
0.960
0.951
0.953
0.955
0.887
0.892
0.956
0.955
0.950
0.954
0.958
0.967
0.969
0.949
0.964
0.964
0.971
0.965
0.965
0.969
0.966
0.980
0.977
0.959
0.966
0.982
0.983
0.995
0.987
0.986
0.983
0.976
0.993
0.998
0.995
0.989
0.936
1.001
0.983
1.000
1.013
0.979
0.991
1.020
1.019
1.022
1.028
1.023
1.030
1.025
1.038
1.036
1.035
1.057
1.046
1.069
0.969
1.057
1.056
1.060
1.064
1.071
1.059
1.062
1.054
1.036
1.041
1.026
1.016
1.023
1.021
0.993
0.992
1.024
1.027
1.030
1.043
1.029
1.037
1.039
1.030
1.036
1.052
1.048
1.062
1.054
1.066
1.068
1.068
1.080
1.073
1.077
1.080
1.083
1.079
1.085
1.088
1.094
1.093
1.100
1.106
1.088
1.048
1.085
1.019
0.985
0.984
0.970
0.978
0.976
0.975
0.973
0.980
0.983
0.968
0.000
0.000
0.000
0.000
0.000
0.000
0.000
0.000
0.000
0.000
0.000
0.000
0.000
0.000
0.000
0.000
0.000
0.000
0.000
0.000
0.000
0.000
0.000
0.000
0.000
0.000
0.000
0.000
0.000
0.000
0.000
0.000
0.000
0.000
0.000
0.000
0.000
0.000
0.000
0.000
0.000
0.000
0.000
0.000
0.000
0.000
0.000
0.000
0.000
1.037
1.035
1.040
1.042
1.023
1.021
1.035
1.022
1.041
1.032
0.999
0.999
1.051
1.053
1.041
1.052
1.060
1.046
1.052
1.162
1.110
1.058
1.059
1.056
1.073
1.076
1.090
1.146
1.188
1.096
1.057
1.098
1.082
1.042
1.030
1.003
0.987
1.014
1.022
1.034
1.037
1.034
1.004
1.003
1.051
1.048
1.053
1.049
1.077
0.000
1.028
0.995
1.005
1.000
1.007
0.994
0.850
1.065
0.973
0.983
1.468
0.947
0.986
0.921
1.038
0.920
2.376
0.951
0.908
1.122
1.037
0.875
0.000
0.857
0.996
1.060
1.070
0.987
0.000
0.926
0.000
0.000
0.959
0.925
0.788
0.784
0.890
0.908
0.874
0.809
0.844
0.871
0.859
0.849
0.889
0.903
0.901
0.894
0.897
0.886
0.856
0.885
0.900
0.897
0.879
0.876
0.860
0.838
0.835
0.860
0.908
0.906
0.916
0.911
0.911
0.909
0.911
0.914
0.917
0.916
0.903
0.913
0.915
0.918
0.915
0.907
0.904
0.900
0.856
0.866
0.920
0.924
0.917
0.912
0.846
0.854
0.900
0.897
0.906
0.914
0.909
0.901
0.922
0.923
0.900
0.907
0.926
0.935
0.933
0.937
0.938
0.942
0.938
0.926
0.930
0.934
0.939
0.940
0.940
0.939
0.936
0.938
0.931
0.930
0.936
0.932
0.927
0.938
0.914
0.937
0.910
0.928
0.939
0.928
0.927
0.927
0.927
0.934
0.929
0.933
0.908
0.917
0.926
0.924
0.947
0.929
0.930
0.933
0.939
0.940
0.937
0.938
0.941
0.876
0.872
0.937
0.937
0.936
0.940
0.941
0.948
0.946
0.936
0.945
0.944
0.953
0.953
0.949
0.952
0.948
0.955
0.952
0.938
0.943
0.955
0.953
0.968
0.964
0.958
0.959
0.954
0.963
0.962
0.963
0.958
0.915
0.971
0.950
0.968
0.977
0.952
0.961
0.982
0.981
0.980
0.979
0.976
0.981
0.976
0.990
0.985
0.978
1.003
0.996
1.016
0.929
1.002
0.998
1.000
1.004
1.014
1.000
1.019
1.000
1.005
1.015
1.007
1.009
1.014
1.015
0.986
0.993
1.026
1.033
1.028
1.043
1.026
1.036
1.033
1.026
1.036
1.050
1.048
1.061
1.050
1.060
1.060
1.060
1.068
1.067
1.072
1.079
1.078
1.079
1.083
1.091
1.091
1.096
1.103
1.111
1.100
1.076
1.105
1.058
1.040
1.041
1.025
1.033
1.038
1.030
1.028
1.034
1.040
1.028
0.000
0.000
0.000
0.000
0.000
0.000
0.000
0.000
0.000
0.000
0.000
0.000
0.000
0.000
0.000
0.000
0.000
0.000
0.000
0.000
0.000
0.000
0.000
0.000
0.000
0.000
0.000
0.000
0.000
0.000
0.000
0.000
0.000
0.000
0.000
0.000
0.000
0.000
0.000
0.000
0.000
0.000
0.000
0.000
0.000
0.000
0.000
0.000
0.000
1.036
1.042
1.045
1.041
1.028
1.030
1.047
1.031
1.048
1.045
1.005
1.022
1.058
1.070
1.053
1.069
1.074
1.054
1.058
1.184
1.130
1.068
1.066
1.064
1.080
1.079
1.103
1.155
1.184
1.051
1.019
1.044
1.040
1.014
1.013
0.983
0.978
1.007
1.018
1.044
1.040
1.034
1.017
1.002
1.047
1.049
1.063
1.050
1.082
0.000
1.061
1.036
1.034
1.000
1.018
0.995
0.939
1.076
0.986
0.979
1.562
0.896
0.980
0.933
1.041
0.965
2.361
0.955
0.912
1.047
1.045
0.859
0.000
0.792
1.007
1.182
1.072
0.994
0.000
0.964
0.000
0.000
0.925
0.893
0.763
0.759
0.863
0.879
0.846
0.783
0.817
0.844
0.829
0.821
0.858
0.871
0.871
0.865
0.870
0.859
0.828
0.858
0.873
0.868
0.853
0.843
0.840
0.818
0.815
0.835
0.882
0.879
0.888
0.884
0.884
0.880
0.883
0.886
0.887
0.889
0.879
0.885
0.887
0.891
0.889
0.881
0.879
0.877
0.834
0.842
0.895
0.898
0.895
0.890
0.823
0.834
0.877
0.876
0.882
0.891
0.889
0.882
0.901
0.901
0.881
0.886
0.906
0.913
0.910
0.913
0.913
0.920
0.918
0.905
0.911
0.912
0.919
0.918
0.916
0.915
0.915
0.911
0.907
0.906
0.908
0.906
0.901
0.912
0.888
0.908
0.884
0.897
0.904
0.897
0.898
0.896
0.893
0.900
0.896
0.900
0.874
0.883
0.892
0.887
0.910
0.895
0.896
0.895
0.906
0.902
0.898
0.903
0.905
0.844
0.844
0.906
0.903
0.899
0.905
0.903
0.914
0.910
0.906
0.911
0.908
0.914
0.917
0.916
0.915
0.915
0.922
0.925
0.903
0.909
0.924
0.923
0.933
0.919
0.923
0.920
0.915
0.933
0.929
0.921
0.919
0.883
0.935
0.919
0.930
0.936
0.917
0.926
0.941
0.937
0.940
0.943
0.939
0.945
0.939
0.958
0.946
0.943
0.962
0.958
0.970
0.899
0.956
0.956
0.952
0.957
0.969
0.957
0.965
0.954
0.957
0.962
0.957
0.950
0.957
0.962
0.935
0.934
0.965
0.972
0.966
0.982
0.963
0.971
0.968
0.965
0.969
0.982
0.980
0.989
0.986
0.987
0.990
0.990
1.000
0.997
1.001
1.005
0.999
1.007
1.005
1.013
1.011
1.004
1.017
1.020
1.020
1.032
1.031
1.034
1.032
1.039
1.024
1.025
1.040
1.032
1.028
1.037
1.050
1.039
0.000
0.000
0.000
0.000
0.000
0.000
0.000
0.000
0.000
0.000
0.000
0.000
0.000
0.000
0.000
0.000
0.000
0.000
0.000
0.000
0.000
0.000
0.000
0.000
0.000
0.000
0.000
0.000
0.000
0.000
0.000
0.000
0.000
0.000
0.000
0.000
0.000
0.000
0.000
0.000
0.000
0.000
0.000
0.000
0.000
0.000
0.000
0.000
0.000
0.999
0.999
1.005
1.008
1.001
1.011
1.017
1.011
1.030
1.031
0.990
0.996
1.043
1.057
1.028
1.036
1.047
1.029
1.039
1.147
1.118
1.051
1.057
1.039
1.033
1.034
1.039
1.093
1.104
0.971
0.942
0.969
0.969
0.988
0.984
0.951
0.951
0.980
0.991
1.006
1.008
1.001
0.977
0.966
1.013
1.005
1.022
1.022
1.045
0.000
1.032
1.029
1.036
1.000
1.003
0.972
0.866
1.026
0.943
0.957
1.418
0.903
0.954
0.900
1.012
0.918
2.244
0.995
0.883
0.984
1.014
0.848
0.000
0.798
0.964
1.013
1.042
0.958
0.000
0.911
0.000
0.000
0.882
0.855
0.730
0.728
0.828
0.841
0.811
0.752
0.784
0.809
0.793
0.784
0.823
0.836
0.834
0.829
0.831
0.821
0.790
0.816
0.832
0.829
0.814
0.804
0.799
0.777
0.770
0.795
0.839
0.835
0.844
0.840
0.837
0.835
0.837
0.841
0.842
0.839
0.831
0.836
0.838
0.842
0.841
0.831
0.826
0.824
0.783
0.792
0.842
0.844
0.839
0.835
0.769
0.781
0.821
0.821
0.827
0.834
0.831
0.825
0.840
0.843
0.823
0.828
0.844
0.852
0.853
0.854
0.853
0.862
0.855
0.849
0.855
0.856
0.861
0.864
0.861
0.862
0.861
0.858
0.855
0.856
0.866
0.863
0.859
0.871
0.849
0.871
0.852
0.863
0.871
0.868
0.868
0.873
0.864
0.874
0.874
0.877
0.855
0.858
0.872
0.871
0.892
0.879
0.879
0.877
0.887
0.889
0.886
0.887
0.890
0.828
0.828
0.888
0.887
0.885
0.890
0.887
0.898
0.896
0.886
0.895
0.893
0.900
0.903
0.902
0.901
0.901
0.907
0.912
0.896
0.897
0.911
0.913
0.916
0.914
0.910
0.912
0.903
0.919
0.919
0.913
0.914
0.867
0.926
0.911
0.922
0.924
0.907
0.919
0.938
0.932
0.936
0.937
0.932
0.937
0.932
0.949
0.933
0.936
0.951
0.946
0.963
0.884
0.952
0.949
0.946
0.943
0.952
0.945
0.954
0.937
0.937
0.944
0.939
0.931
0.937
0.939
0.912
0.910
0.936
0.936
0.942
0.957
0.935
0.944
0.946
0.937
0.945
0.953
0.952
0.965
0.953
0.964
0.962
0.963
0.966
0.967
0.974
0.974
0.975
0.975
0.975
0.984
0.982
0.979
0.984
0.996
0.985
0.995
0.996
0.998
0.981
0.985
0.963
0.962
0.964
0.949
0.950
0.955
0.971
0.952
0.000
0.000
0.000
0.000
0.000
0.000
0.000
0.000
0.000
0.000
0.000
0.000
0.000
0.000
0.000
0.000
0.000
0.000
0.000
0.000
0.000
0.000
0.000
0.000
0.000
0.000
0.000
0.000
0.000
0.000
0.000
0.000
0.000
0.000
0.000
0.000
0.000
0.000
0.000
0.000
0.000
0.000
0.000
0.000
0.000
0.000
0.000
0.000
0.000
0.978
0.984
0.983
0.983
0.980
0.993
1.005
0.986
0.999
1.007
0.963
0.969
1.016
1.031
1.009
1.019
1.028
1.014
1.012
1.124
1.074
1.021
1.011
0.992
0.951
0.933
0.948
0.990
1.036
0.950
0.920
0.939
0.946
0.955
0.956
0.935
0.930
0.952
0.960
0.976
0.974
0.969
0.944
0.937
0.984
0.972
0.979
0.982
1.013
0.000
0.999
0.992
1.004
1.000
1.000
0.937
0.910
0.950
0.920
0.916
1.292
0.845
0.918
0.872
0.978
0.891
2.189
0.852
0.860
0.926
0.980
0.828
0.000
0.793
0.939
0.963
1.008
0.943
0.000
0.850
0.000
0.000
0.889
0.860
0.733
0.731
0.832
0.845
0.815
0.755
0.786
0.810
0.793
0.787
0.824
0.836
0.834
0.827
0.829
0.820
0.788
0.817
0.832
0.829
0.813
0.803
0.797
0.778
0.772
0.797
0.838
0.835
0.843
0.838
0.840
0.836
0.839
0.845
0.845
0.842
0.833
0.838
0.841
0.848
0.846
0.837
0.834
0.831
0.788
0.795
0.849
0.853
0.850
0.843
0.778
0.790
0.834
0.833
0.839
0.846
0.844
0.837
0.855
0.855
0.835
0.838
0.858
0.867
0.866
0.869
0.868
0.876
0.872
0.866
0.870
0.874
0.879
0.879
0.880
0.877
0.879
0.879
0.879
0.879
0.886
0.880
0.877
0.891
0.878
0.894
0.875
0.886
0.898
0.896
0.893
0.895
0.892
0.903
0.903
0.906
0.883
0.892
0.903
0.902
0.922
0.910
0.914
0.918
0.919
0.923
0.925
0.928
0.930
0.867
0.874
0.935
0.936
0.934
0.940
0.939
0.951
0.956
0.946
0.952
0.957
0.963
0.970
0.971
0.972
0.971
0.983
0.991
0.971
0.975
0.991
0.993
0.998
0.998
1.000
1.003
0.991
1.006
1.009
0.998
0.994
0.952
0.998
0.973
0.969
0.975
0.938
0.934
0.943
0.931
0.918
0.911
0.898
0.899
0.893
0.900
0.888
0.890
0.897
0.893
0.912
0.837
0.900
0.894
0.895
0.899
0.907
0.893
0.904
0.896
0.897
0.901
0.900
0.895
0.900
0.901
0.879
0.881
0.903
0.906
0.905
0.923
0.909
0.908
0.909
0.905
0.909
0.922
0.921
0.932
0.927
0.924
0.932
0.933
0.929
0.930
0.937
0.936
0.933
0.939
0.936
0.944
0.941
0.939
0.940
0.949
0.942
0.947
0.951
0.948
0.943
0.949
0.942
0.944
0.949
0.941
0.939
0.951
0.961
0.942
0.000
0.000
0.000
0.000
0.000
0.000
0.000
0.000
0.000
0.000
0.000
0.000
0.000
0.000
0.000
0.000
0.000
0.000
0.000
0.000
0.000
0.000
0.000
0.000
0.000
0.000
0.000
0.000
0.000
0.000
0.000
0.000
0.000
0.000
0.000
0.000
0.000
0.000
0.000
0.000
0.000
0.000
0.000
0.000
0.000
0.000
0.000
0.000
0.000
1.038
1.007
0.992
1.006
0.993
0.999
1.011
1.001
1.020
1.028
0.980
0.992
1.043
1.053
1.031
1.041
1.048
1.028
0.962
1.029
0.967
0.925
0.923
0.922
0.940
0.936
0.958
0.990
1.032
0.948
0.922
0.948
0.933
0.952
0.947
0.926
0.924
0.952
0.966
0.977
0.977
0.980
0.950
0.934
0.981
0.978
0.991
0.988
1.026
0.000
0.996
0.991
1.004
1.000
1.015
1.003
0.856
0.897
0.932
0.927
1.463
0.775
0.938
0.857
0.973
0.893
2.140
0.920
0.860
0.964
0.980
0.821
0.000
0.785
0.964
0.764
1.007
0.941
0.000
0.888
0.000
0.000
1.213
1.177
0.993
0.984
1.091
1.090
1.056
0.957
0.982
1.003
0.974
0.956
0.978
0.978
0.969
0.955
0.950
0.928
0.889
0.920
0.926
0.910
0.889
0.879
0.857
0.836
0.861
0.880
0.887
0.879
0.887
0.878
0.876
0.869
0.868
0.869
0.868
0.866
0.852
0.857
0.858
0.861
0.854
0.845
0.843
0.834
0.792
0.800
0.849
0.851
0.843
0.837
0.773
0.778
0.821
0.817
0.824
0.832
0.828
0.818
0.831
0.836
0.815
0.817
0.835
0.843
0.839
0.840
0.838
0.846
0.837
0.829
0.832
0.834
0.841
0.841
0.839
0.838
0.836
0.835
0.832
0.833
0.837
0.833
0.828
0.842
0.820
0.842
0.819
0.830
0.842
0.837
0.836
0.837
0.833
0.839
0.839
0.840
0.819
0.824
0.838
0.837
0.854
0.838
0.840
0.838
0.849
0.846
0.844
0.848
0.846
0.791
0.793
0.849
0.845
0.843
0.851
0.847
0.856
0.855
0.845
0.852
0.854
0.857
0.859
0.859
0.855
0.853
0.863
0.867
0.844
0.849
0.860
0.861
0.871
0.865
0.863
0.857
0.853
0.867
0.869
0.857
0.857
0.817
0.865
0.848
0.862
0.868
0.844
0.855
0.877
0.867
0.867
0.871
0.864
0.867
0.868
0.878
0.870
0.868
0.884
0.875
0.899
0.827
0.884
0.875
0.878
0.880
0.891
0.876
0.890
0.875
0.881
0.887
0.880
0.877
0.882
0.882
0.865
0.864
0.888
0.896
0.893
0.905
0.883
0.894
0.897
0.892
0.887
0.905
0.902
0.912
0.903
0.902
0.906
0.907
0.913
0.911
0.918
0.915
0.913
0.913
0.917
0.924
0.919
0.922
0.924
0.929
0.919
0.931
0.936
0.935
0.927
0.936
0.928
0.937
0.943
0.936
0.930
0.940
0.954
0.939
0.000
0.000
0.000
0.000
0.000
0.000
0.000
0.000
0.000
0.000
0.000
0.000
0.000
0.000
0.000
0.000
0.000
0.000
0.000
0.000
0.000
0.000
0.000
0.000
0.000
0.000
0.000
0.000
0.000
0.000
0.000
0.000
0.000
0.000
0.000
0.000
0.000
0.000
0.000
0.000
0.000
0.000
0.000
0.000
0.000
0.000
0.000
0.000
0.000
1.073
1.074
1.078
1.085
1.083
1.094
1.100
1.093
1.113
1.113
1.067
1.040
0.999
0.961
0.918
0.926
0.925
0.899
0.896
0.995
0.955
0.902
0.901
0.904
0.917
0.916
0.928
0.966
1.010
0.932
0.897
0.929
0.923
0.946
0.935
0.917
0.920
0.940
0.947
0.966
0.964
0.960
0.942
0.929
0.968
0.968
0.983
0.977
1.008
0.000
0.985
0.990
1.004
1.000
1.011
1.004
0.834
0.958
0.913
0.929
1.364
0.842
0.913
0.851
0.966
0.912
2.238
0.831
0.898
0.977
0.970
0.811
0.000
0.748
1.000
0.971
0.996
0.925
0.000
0.861
0.000
0.000
0.889
0.858
0.732
0.730
0.830
0.844
0.813
0.756
0.786
0.811
0.796
0.789
0.826
0.839
0.836
0.830
0.833
0.823
0.790
0.820
0.834
0.833
0.859
0.835
0.816
0.839
0.890
0.860
0.845
0.843
0.830
0.847
0.846
0.842
0.844
0.850
0.851
0.851
0.840
0.846
0.849
0.855
0.852
0.844
0.841
0.841
0.795
0.804
0.855
0.862
0.854
0.850
0.785
0.793
0.838
0.836
0.843
0.854
0.849
0.841
0.857
0.863
0.843
0.846
0.866
0.876
0.871
0.876
0.876
0.883
0.879
0.870
0.871
0.875
0.881
0.886
0.884
0.881
0.882
0.881
0.880
0.881
0.888
0.884
0.882
0.896
0.871
0.894
0.869
0.888
0.898
0.895
0.892
0.894
0.894
0.900
0.898
0.902
0.880
0.884
0.898
0.898
0.917
0.900
0.907
0.904
0.912
0.914
0.908
0.910
0.912
0.851
0.856
0.915
0.911
0.906
0.915
0.912
0.923
0.921
0.911
0.918
0.918
0.924
0.921
0.925
0.927
0.919
0.927
0.933
0.918
0.914
0.933
0.932
0.944
0.940
0.933
0.934
0.929
0.941
0.944
0.936
0.935
0.898
0.947
0.937
0.948
0.956
0.933
0.944
0.973
0.964
0.968
0.966
0.961
0.963
0.959
0.974
0.958
0.955
0.966
0.956
0.971
0.883
0.952
0.951
0.946
0.950
0.963
0.951
0.968
0.949
0.953
0.965
0.956
0.947
0.956
0.953
0.924
0.930
0.958
0.960
0.956
0.970
0.953
0.962
0.955
0.944
0.945
0.957
0.955
0.966
0.960
0.960
0.960
0.961
0.961
0.959
0.966
0.964
0.964
0.971
0.968
0.974
0.972
0.974
0.978
0.978
0.982
0.993
0.995
0.999
0.995
1.000
0.997
1.002
1.004
0.997
0.993
0.996
1.004
0.979
0.000
0.000
0.000
0.000
0.000
0.000
0.000
0.000
0.000
0.000
0.000
0.000
0.000
0.000
0.000
0.000
0.000
0.000
0.000
0.000
0.000
0.000
0.000
0.000
0.000
0.000
0.000
0.000
0.000
0.000
0.000
0.000
0.000
0.000
0.000
0.000
0.000
0.000
0.000
0.000
0.000
0.000
0.000
0.000
0.000
0.000
0.000
0.000
0.000
1.005
1.003
1.000
0.997
0.962
0.960
0.975
0.959
0.972
0.966
0.926
0.941
0.976
0.991
0.975
0.987
0.993
0.976
0.978
1.092
1.044
0.986
0.968
0.964
0.977
0.968
0.989
1.030
1.075
0.981
0.939
0.948
0.948
0.964
0.972
0.938
0.933
0.958
0.968
0.986
0.989
0.982
0.962
0.954
0.998
0.994
0.991
0.993
1.016
0.000
1.001
0.990
1.004
1.000
1.006
1.003
0.927
1.064
0.930
0.943
1.459
0.906
0.989
0.873
0.987
0.924
2.314
1.156
0.918
1.103
0.998
0.836
0.000
0.999
0.998
1.009
1.020
0.944
0.000
0.873
0.000
0.000
0.935
0.902
0.770
0.764
0.867
0.878
0.843
0.779
0.810
0.837
0.820
0.810
0.843
0.856
0.854
0.846
0.848
0.836
0.806
0.836
0.846
0.839
0.823
0.816
0.808
0.787
0.786
0.804
0.846
0.843
0.852
0.846
0.845
0.843
0.845
0.848
0.847
0.847
0.838
0.844
0.844
0.848
0.849
0.839
0.837
0.834
0.791
0.799
0.850
0.854
0.849
0.844
0.782
0.795
0.834
0.832
0.841
0.849
0.845
0.837
0.854
0.855
0.835
0.841
0.859
0.867
0.866
0.870
0.866
0.875
0.872
0.864
0.867
0.867
0.874
0.880
0.877
0.878
0.878
0.873
0.873
0.877
0.881
0.875
0.873
0.890
0.862
0.888
0.857
0.880
0.891
0.889
0.888
0.888
0.883
0.892
0.890
0.894
0.872
0.880
0.888
0.892
0.907
0.897
0.902
0.897
0.903
0.903
0.902
0.902
0.905
0.848
0.849
0.905
0.899
0.898
0.904
0.904
0.913
0.910
0.899
0.911
0.908
0.913
0.911
0.910
0.911
0.909
0.921
0.921
0.902
0.903
0.916
0.919
0.921
0.919
0.916
0.916
0.905
0.921
0.921
0.913
0.912
0.865
0.918
0.906
0.920
0.928
0.905
0.916
0.936
0.929
0.928
0.923
0.925
0.929
0.929
0.945
0.935
0.933
0.946
0.944
0.964
0.881
0.946
0.950
0.944
0.951
0.960
0.948
0.963
0.950
0.952
0.960
0.953
0.950
0.958
0.957
0.929
0.930
0.957
0.968
0.961
0.979
0.961
0.965
0.964
0.953
0.952
0.964
0.959
0.975
0.971
0.973
0.965
0.970
0.973
0.975
0.977
0.980
0.981
0.988
0.982
0.991
0.991
0.994
0.997
1.001
0.992
1.008
1.008
1.010
1.011
1.014
1.008
1.025
1.034
1.021
1.018
1.027
1.025
1.000
0.000
0.000
0.000
0.000
0.000
0.000
0.000
0.000
0.000
0.000
0.000
0.000
0.000
0.000
0.000
0.000
0.000
0.000
0.000
0.000
0.000
0.000
0.000
0.000
0.000
0.000
0.000
0.000
0.000
0.000
0.000
0.000
0.000
0.000
0.000
0.000
0.000
0.000
0.000
0.000
0.000
0.000
0.000
0.000
0.000
0.000
0.000
0.000
0.000
0.938
0.945
0.947
0.957
0.948
0.954
0.961
0.956
0.974
0.961
0.922
0.929
0.976
0.994
0.965
0.978
0.986
0.965
0.972
1.076
1.032
0.976
0.973
0.973
0.999
0.992
1.015
1.064
1.094
0.998
0.963
0.979
0.970
0.985
0.981
0.958
0.960
0.966
0.974
0.970
0.977
0.978
0.960
0.954
0.993
0.983
0.983
0.989
1.014
0.000
0.992
0.989
1.000
1.000
1.007
1.004
0.901
1.069
0.930
0.942
1.303
0.821
0.980
0.872
0.990
0.904
2.259
0.894
0.916
0.950
1.000
0.832
0.000
0.902
0.999
0.985
1.023
0.944
0.000
0.884
0.000
0.000
0.984
0.952
0.809
0.804
0.903
0.912
0.882
0.815
0.845
0.867
0.849
0.836
0.870
0.882
0.876
0.866
0.868
0.855
0.818
0.847
0.862
0.855
0.840
0.827
0.819
0.799
0.799
0.813
0.855
0.851
0.856
0.852
0.853
0.848
0.847
0.850
0.850
0.851
0.841
0.844
0.845
0.850
0.852
0.840
0.836
0.836
0.792
0.802
0.850
0.854
0.849
0.843
0.782
0.791
0.833
0.830
0.836
0.844
0.840
0.833
0.849
0.849
0.831
0.835
0.852
0.862
0.859
0.864
0.866
0.868
0.866
0.856
0.860
0.862
0.865
0.869
0.867
0.868
0.868
0.867
0.862
0.865
0.870
0.867
0.864
0.881
0.853
0.879
0.853
0.869
0.881
0.877
0.876
0.879
0.871
0.876
0.877
0.882
0.865
0.869
0.879
0.878
0.902
0.888
0.887
0.887
0.890
0.893
0.890
0.893
0.896
0.837
0.842
0.898
0.890
0.894
0.898
0.899
0.908
0.904
0.896
0.903
0.901
0.909
0.911
0.908
0.907
0.905
0.913
0.918
0.897
0.902
0.915
0.912
0.920
0.911
0.910
0.909
0.899
0.912
0.914
0.904
0.899
0.861
0.907
0.894
0.911
0.922
0.890
0.900
0.923
0.911
0.916
0.919
0.916
0.916
0.908
0.922
0.914
0.914
0.932
0.926
0.943
0.874
0.925
0.929
0.921
0.930
0.940
0.928
0.939
0.932
0.929
0.937
0.933
0.930
0.936
0.935
0.916
0.913
0.942
0.942
0.937
0.955
0.944
0.950
0.946
0.939
0.944
0.955
0.955
0.966
0.957
0.963
0.962
0.967
0.969
0.965
0.981
0.972
0.973
0.977
0.977
0.986
0.984
0.988
0.995
1.003
0.995
1.002
1.004
1.013
1.003
1.016
1.013
1.019
1.027
1.020
1.021
1.027
1.043
1.027
0.000
0.000
0.000
0.000
0.000
0.000
0.000
0.000
0.000
0.000
0.000
0.000
0.000
0.000
0.000
0.000
0.000
0.000
0.000
0.000
0.000
0.000
0.000
0.000
0.000
0.000
0.000
0.000
0.000
0.000
0.000
0.000
0.000
0.000
0.000
0.000
0.000
0.000
0.000
0.000
0.000
0.000
0.000
0.000
0.000
0.000
0.000
0.000
0.000
0.938
0.943
0.943
0.948
0.944
0.941
0.962
0.942
0.955
0.955
0.918
0.919
0.967
0.976
0.955
0.969
0.981
0.967
0.966
1.076
1.028
0.971
0.972
0.970
0.996
0.989
1.005
1.051
1.094
0.994
0.963
0.996
0.989
1.012
1.011
0.985
0.974
0.976
0.961
0.980
0.968
0.970
0.940
0.929
0.967
0.969
0.978
0.980
1.011
0.000
0.993
0.988
1.001
1.000
1.016
1.001
0.898
0.998
0.929
0.945
1.222
0.806
0.992
0.877
0.992
0.936
2.150
0.902
0.916
1.029
0.992
0.855
0.000
0.788
0.995
1.098
1.010
0.955
0.000
0.884
0.000
0.000
0.885
0.860
0.735
0.734
0.833
0.844
0.815
0.757
0.789
0.816
0.802
0.794
0.830
0.844
0.842
0.838
0.841
0.833
0.800
0.827
0.845
0.842
0.825
0.817
0.810
0.788
0.788
0.811
0.856
0.855
0.860
0.854
0.856
0.855
0.856
0.861
0.861
0.860
0.849
0.856
0.861
0.862
0.862
0.855
0.853
0.849
0.804
0.815
0.866
0.873
0.864
0.858
0.796
0.806
0.845
0.843
0.853
0.861
0.858
0.849
0.868
0.870
0.849
0.853
0.872
0.878
0.876
0.878
0.877
0.884
0.883
0.872
0.875
0.881
0.884
0.887
0.885
0.885
0.883
0.881
0.882
0.881
0.887
0.883
0.875
0.894
0.869
0.893
0.867
0.886
0.894
0.891
0.888
0.891
0.887
0.896
0.896
0.899
0.878
0.880
0.892
0.891
0.911
0.896
0.900
0.903
0.910
0.911
0.907
0.907
0.912
0.851
0.856
0.914
0.908
0.909
0.912
0.914
0.922
0.921
0.914
0.921
0.920
0.929
0.927
0.931
0.933
0.930
0.938
0.940
0.920
0.924
0.944
0.940
0.945
0.945
0.944
0.941
0.932
0.950
0.953
0.945
0.942
0.895
0.954
0.941
0.958
0.966
0.936
0.948
0.971
0.966
0.968
0.970
0.966
0.971
0.965
0.982
0.977
0.975
0.986
0.984
1.005
0.915
0.990
0.984
0.986
0.993
1.005
0.989
1.001
0.990
0.990
0.997
0.990
0.986
0.988
0.991
0.958
0.965
0.994
0.996
0.992
1.000
0.985
0.986
0.986
0.976
0.969
0.982
0.981
0.992
0.984
0.986
0.991
0.990
0.993
0.994
0.998
0.993
0.994
0.995
0.998
1.005
1.003
1.003
1.011
1.019
1.014
1.025
1.027
1.035
1.026
1.036
1.028
1.040
1.051
1.047
1.041
1.056
1.073
1.059
0.000
0.000
0.000
0.000
0.000
0.000
0.000
0.000
0.000
0.000
0.000
0.000
0.000
0.000
0.000
0.000
0.000
0.000
0.000
0.000
0.000
0.000
0.000
0.000
0.000
0.000
0.000
0.000
0.000
0.000
0.000
0.000
0.000
0.000
0.000
0.000
0.000
0.000
0.000
0.000
0.000
0.000
0.000
0.000
0.000
0.000
0.000
0.000
0.000
0.971
0.977
0.974
0.985
0.975
0.981
0.980
0.957
0.968
0.958
0.924
0.927
0.978
0.983
0.966
0.973
0.981
0.960
0.967
1.083
1.031
0.982
0.979
0.972
0.990
0.987
0.991
1.027
1.061
0.969
0.944
0.976
0.965
0.987
0.981
0.960
0.959
0.985
0.997
1.016
1.017
1.010
0.992
0.947
0.986
0.976
0.985
0.983
1.010
0.000
0.992
0.987
0.998
1.000
1.002
0.993
0.865
1.084
0.927
0.933
1.310
0.822
0.980
0.879
0.994
0.901
2.284
0.900
0.916
0.988
0.994
0.839
0.000
0.773
0.997
0.959
1.026
0.948
0.000
0.872
0.000
0.000
0.898
0.871
0.745
0.744
0.845
0.855
0.825
0.767
0.802
0.827
0.815
0.806
0.843
0.857
0.855
0.850
0.853
0.845
0.812
0.844
0.858
0.855
0.842
0.832
0.826
0.803
0.804
0.825
0.870
0.869
0.877
0.872
0.875
0.870
0.875
0.880
0.881
0.882
0.870
0.875
0.880
0.883
0.881
0.876
0.874
0.872
0.826
0.835
0.890
0.893
0.890
0.886
0.820
0.830
0.870
0.871
0.883
0.891
0.887
0.881
0.900
0.902
0.880
0.885
0.906
0.916
0.912
0.915
0.915
0.922
0.921
0.912
0.915
0.917
0.925
0.928
0.927
0.926
0.926
0.926
0.924
0.925
0.932
0.928
0.921
0.942
0.918
0.939
0.918
0.933
0.944
0.938
0.938
0.941
0.939
0.948
0.948
0.950
0.930
0.932
0.950
0.944
0.967
0.953
0.952
0.954
0.961
0.964
0.961
0.962
0.967
0.899
0.901
0.966
0.962
0.961
0.964
0.964
0.974
0.970
0.957
0.966
0.965
0.975
0.975
0.976
0.975
0.972
0.983
0.986
0.969
0.967
0.983
0.979
0.986
0.986
0.984
0.986
0.978
0.990
0.993
0.985
0.986
0.944
0.990
0.985
0.998
1.008
0.983
0.996
1.016
1.013
1.015
1.017
1.020
1.022
1.021
1.030
1.022
1.023
1.041
1.034
1.057
0.957
1.045
1.044
1.044
1.049
1.061
1.053
1.070
1.054
1.066
1.074
1.065
1.069
1.078
1.081
1.051
1.051
1.086
1.097
1.103
1.121
1.103
1.119
1.122
1.114
1.126
1.145
1.144
1.160
1.159
1.159
1.167
1.179
1.187
1.193
1.196
1.206
1.206
1.216
1.212
1.206
1.169
1.101
1.031
1.000
0.976
0.975
0.983
0.988
0.975
0.979
0.970
0.979
0.986
0.974
0.977
0.982
0.992
0.978
0.000
0.000
0.000
0.000
0.000
0.000
0.000
0.000
0.000
0.000
0.000
0.000
0.000
0.000
0.000
0.000
0.000
0.000
0.000
0.000
0.000
0.000
0.000
0.000
0.000
0.000
0.000
0.000
0.000
0.000
0.000
0.000
0.000
0.000
0.000
0.000
0.000
0.000
0.000
0.000
0.000
0.000
0.000
0.000
0.000
0.000
0.000
0.000
0.000
0.960
0.960
0.966
0.973
0.963
0.969
0.980
0.965
0.979
0.978
0.934
0.942
0.979
0.989
0.969
0.984
0.987
0.969
0.977
1.077
1.030
0.979
0.975
0.972
0.989
0.985
0.994
1.035
1.070
0.988
0.957
0.993
0.985
1.003
1.002
0.961
0.961
0.988
1.002
1.011
1.015
1.008
0.991
0.982
1.023
1.020
1.031
1.022
1.049
0.000
1.033
1.018
1.009
1.000
1.027
1.004
0.936
1.129
0.946
0.942
1.350
0.869
1.006
0.935
1.015
0.917
2.276
0.925
0.917
1.055
1.009
0.840
0.000
0.802
1.007
0.912
1.034
0.957
0.000
0.898
0.000
0.000
0.874
0.846
0.726
0.724
0.825
0.836
0.807
0.750
0.783
0.810
0.800
0.791
0.827
0.842
0.842
0.834
0.839
0.830
0.797
0.826
0.843
0.842
0.827
0.819
0.815
0.791
0.786
0.813
0.859
0.857
0.864
0.861
0.863
0.861
0.862
0.868
0.870
0.872
0.861
0.867
0.870
0.877
0.876
0.869
0.865
0.863
0.821
0.829
0.881
0.885
0.882
0.877
0.813
0.825
0.864
0.863
0.876
0.885
0.883
0.874
0.891
0.896
0.871
0.876
0.898
0.907
0.906
0.910
0.908
0.916
0.913
0.905
0.910
0.909
0.915
0.920
0.920
0.918
0.916
0.918
0.915
0.917
0.923
0.920
0.913
0.933
0.911
0.932
0.908
0.922
0.937
0.934
0.932
0.932
0.931
0.940
0.938
0.944
0.920
0.925
0.938
0.940
0.964
0.948
0.948
0.951
0.956
0.959
0.960
0.960
0.964
0.899
0.903
0.968
0.964
0.963
0.969
0.972
0.979
0.980
0.972
0.987
0.987
0.991
0.993
0.992
0.994
0.990
1.005
1.011
0.989
1.000
1.012
1.015
1.025
1.021
1.024
1.026
1.018
1.038
1.038
1.034
1.037
1.000
1.052
1.039
1.057
1.071
1.042
1.058
1.091
1.091
1.092
1.095
1.096
1.111
1.106
1.127
1.123
1.123
1.146
1.144
1.180
1.030
1.163
1.173
1.174
1.185
1.200
1.199
1.224
1.201
1.216
1.225
1.215
1.201
1.183
1.138
1.042
0.986
0.983
0.974
0.966
0.971
0.956
0.965
0.958
0.950
0.951
0.967
0.967
0.981
0.974
0.978
0.970
0.977
0.980
0.975
0.976
0.978
0.975
0.978
0.972
0.971
0.955
0.935
0.913
0.905
0.893
0.904
0.903
0.911
0.900
0.906
0.898
0.908
0.915
0.906
0.903
0.913
0.935
0.913
0.000
0.000
0.000
0.000
0.000
0.000
0.000
0.000
0.000
0.000
0.000
0.000
0.000
0.000
0.000
0.000
0.000
0.000
0.000
0.000
0.000
0.000
0.000
0.000
0.000
0.000
0.000
0.000
0.000
0.000
0.000
0.000
0.000
0.000
0.000
0.000
0.000
0.000
0.000
0.000
0.000
0.000
0.000
0.000
0.000
0.000
0.000
0.000
0.000
0.926
0.926
0.930
0.930
0.924
0.924
0.930
0.922
0.932
0.933
0.900
0.895
0.943
0.952
0.931
0.936
0.940
0.925
0.932
1.036
0.983
0.939
0.935
0.931
0.951
0.943
0.952
0.996
1.041
0.951
0.919
0.951
0.947
0.965
0.966
0.932
0.931
0.964
0.973
0.985
0.985
0.983
0.965
0.947
0.990
0.979
0.994
0.985
1.016
0.000
0.996
0.994
1.005
1.000
0.995
0.965
0.902
0.931
0.902
0.902
1.476
0.852
0.956
0.897
0.977
0.908
2.193
0.855
0.890
0.960
0.974
0.792
0.000
0.803
0.970
0.976
1.007
0.912
0.000
0.863
0.000
0.000
0.905
0.876
0.751
0.750
0.854
0.866
0.837
0.780
0.814
0.842
0.830
0.822
0.861
0.876
0.874
0.868
0.873
0.864
0.834
0.865
0.881
0.879
0.866
0.856
0.855
0.828
0.823
0.851
0.899
0.899
0.905
0.903
0.907
0.904
0.906
0.911
0.914
0.913
0.904
0.910
0.914
0.922
0.922
0.915
0.912
0.911
0.862
0.874
0.931
0.935
0.931
0.927
0.858
0.872
0.916
0.913
0.928
0.937
0.935
0.930
0.948
0.954
0.930
0.935
0.959
0.969
0.970
0.970
0.971
0.979
0.979
0.968
0.974
0.979
0.990
0.988
0.993
0.993
0.992
0.993
0.991
0.996
1.007
0.999
0.993
1.017
0.999
1.023
0.998
1.017
1.032
1.026
1.031
1.034
1.033
1.044
1.048
1.055
1.025
1.040
1.060
1.061
1.089
1.077
1.086
1.086
1.097
1.107
1.105
1.117
1.124
1.050
1.055
1.144
1.144
1.148
1.161
1.165
1.186
1.189
1.184
1.204
1.207
1.223
1.233
1.244
1.246
1.255
1.279
1.290
1.274
1.287
1.311
1.310
1.328
1.316
1.301
1.272
1.219
1.180
1.122
1.070
1.032
0.964
1.003
0.982
0.995
1.001
0.973
0.981
1.006
1.003
1.005
1.005
1.005
1.011
1.006
1.018
1.012
1.011
1.028
1.025
1.048
0.933
1.031
1.033
1.030
1.036
1.048
1.039
1.051
1.035
1.040
1.045
1.042
1.026
1.018
0.994
0.930
0.903
0.913
0.907
0.905
0.913
0.905
0.907
0.904
0.896
0.902
0.915
0.916
0.924
0.919
0.923
0.917
0.925
0.926
0.923
0.926
0.925
0.914
0.921
0.911
0.901
0.894
0.891
0.890
0.892
0.884
0.889
0.891
0.897
0.889
0.894
0.887
0.893
0.901
0.891
0.886
0.898
0.911
0.896
0.000
0.000
0.000
0.000
0.000
0.000
0.000
0.000
0.000
0.000
0.000
0.000
0.000
0.000
0.000
0.000
0.000
0.000
0.000
0.000
0.000
0.000
0.000
0.000
0.000
0.000
0.000
0.000
0.000
0.000
0.000
0.000
0.000
0.000
0.000
0.000
0.000
0.000
0.000
0.000
0.000
0.000
0.000
0.000
0.000
0.000
0.000
0.000
0.000
0.908
0.911
0.911
0.919
0.909
0.913
0.919
0.913
0.929
0.921
0.884
0.887
0.937
0.948
0.928
0.929
0.939
0.920
0.921
1.028
0.978
0.930
0.938
0.927
0.941
0.938
0.955
0.999
1.030
0.949
0.922
0.941
0.944
0.951
0.963
0.929
0.934
0.962
0.963
0.983
0.982
0.977
0.967
0.943
0.991
0.986
0.993
0.987
1.023
0.000
1.001
1.000
1.017
1.000
1.017
0.995
0.891
0.995
0.887
0.905
1.280
0.837
0.977
0.895
0.956
0.846
2.136
0.871
0.905
1.000
0.970
0.792
0.000
0.853
0.990
0.908
1.006
0.906
0.000
0.904
0.000
0.000
0.998
0.975
0.837
0.840
0.956
0.970
0.952
0.890
0.928
0.964
0.946
0.943
0.993
1.015
1.018
1.012
1.017
1.011
0.978
1.012
1.035
1.041
1.022
1.016
1.016
0.984
0.982
1.024
1.082
1.084
1.097
1.097
1.103
1.105
1.111
1.121
1.128
1.134
1.126
1.140
1.151
1.164
1.173
1.169
1.167
1.176
1.125
1.143
1.225
1.241
1.247
1.252
1.164
1.187
1.257
1.270
1.309
1.335
1.341
1.350
1.391
1.409
1.385
1.405
1.455
1.488
1.512
1.518
1.530
1.558
1.560
1.550
1.560
1.555
1.566
1.539
1.511
1.460
1.398
1.323
1.248
1.189
1.149
1.106
1.073
1.072
1.041
1.050
1.023
1.033
1.040
1.032
1.034
1.036
1.034
1.043
1.042
1.050
1.023
1.035
1.053
1.053
1.082
1.068
1.072
1.075
1.085
1.087
1.090
1.099
1.103
1.026
1.028
1.119
1.119
1.117
1.128
1.129
1.145
1.152
1.141
1.152
1.156
1.175
1.173
1.179
1.184
1.186
1.195
1.203
1.176
1.179
1.192
1.185
1.183
1.165
1.140
1.110
1.061
1.033
0.980
0.939
0.907
0.842
0.888
0.870
0.877
0.884
0.854
0.865
0.884
0.880
0.881
0.882
0.878
0.879
0.878
0.890
0.883
0.881
0.893
0.892
0.903
0.836
0.888
0.886
0.885
0.885
0.895
0.882
0.887
0.878
0.875
0.882
0.877
0.871
0.874
0.870
0.856
0.851
0.872
0.881
0.881
0.889
0.875
0.878
0.879
0.874
0.872
0.888
0.882
0.891
0.885
0.887
0.887
0.888
0.887
0.886
0.888
0.886
0.879
0.878
0.871
0.872
0.860
0.856
0.855
0.859
0.852
0.857
0.867
0.861
0.858
0.862
0.851
0.858
0.862
0.855
0.856
0.862
0.872
0.857
0.000
0.000
0.000
0.000
0.000
0.000
0.000
0.000
0.000
0.000
0.000
0.000
0.000
0.000
0.000
0.000
0.000
0.000
0.000
0.000
0.000
0.000
0.000
0.000
0.000
0.000
0.000
0.000
0.000
0.000
0.000
0.000
0.000
0.000
0.000
0.000
0.000
0.000
0.000
0.000
0.000
0.000
0.000
0.000
0.000
0.000
0.000
0.000
0.000
0.890
0.895
0.893
0.896
0.892
0.901
0.915
0.896
0.906
0.908
0.870
0.877
0.917
0.928
0.910
0.919
0.915
0.908
0.907
1.024
0.967
0.910
0.917
0.910
0.928
0.928
0.937
0.988
1.027
0.938
0.911
0.939
0.941
0.949
0.947
0.931
0.928
0.952
0.956
0.972
0.983
0.967
0.948
0.939
0.991
0.991
0.990
0.993
1.018
0.000
1.004
1.006
1.013
1.000
1.024
1.014
0.864
1.011
0.880
0.877
1.408
0.882
0.996
0.892
0.936
0.856
2.180
0.862
0.917
0.917
0.942
0.778
0.000
0.764
1.008
1.014
0.993
0.895
0.000
0.877
